P2
150 171
255
0 0 0 0 0 0 0 0 0 0 0 0 0 0 0 0 0 0 0 0 0 0 0 0 0 0 0 0 0 0 0 0 0 0 0 0 0 0 0 0 0 0 0 0 0 0 0 0 0 0 0 0 0 0 0 0 0 0 0 0 0 0 0 0 0 0 0 0 0 0 0 0 0 0 0 0 0 0 0 0 0 0 0 0 0 0 0 0 0 0 0 0 0 0 0 0 0 0 0 0 0 0 0 0 0 0 0 0 0 0 0 0 0 0 0 0 0 0 0 0 0 0 0 0 0 0 0 0 0 0 0 0 0 0 0 0 0 0 0 0 0 0 0 0 0 0 0 0 0 200
0 0 0 0 0 0 0 0 0 0 0 0 0 0 0 0 0 0 0 0 0 0 0 0 0 0 0 0 0 0 0 0 0 0 0 0 0 0 0 0 0 0 0 0 0 0 0 0 0 0 0 0 0 0 0 0 0 0 0 0 0 0 0 0 0 0 0 0 0 0 0 0 0 0 0 0 0 0 0 0 0 0 0 0 0 0 0 0 0 0 0 0 0 0 0 0 0 0 0 0 0 0 0 0 0 0 0 0 0 0 0 0 0 0 0 0 0 0 0 0 0 0 0 0 0 0 0 0 0 0 0 0 0 0 0 0 0 0 0 0 0 0 0 0 0 0 0 0 0 200
0 0 0 0 0 0 0 0 0 0 0 0 0 0 0 0 0 0 0 0 0 0 0 0 0 0 0 0 0 0 0 0 0 0 0 0 0 0 0 0 0 0 0 0 0 0 0 0 0 0 0 0 0 0 0 0 0 0 0 0 0 0 0 0 0 0 0 0 0 0 0 0 0 0 0 0 0 0 0 0 0 0 0 0 0 0 0 0 0 0 0 0 0 0 0 0 0 0 0 0 0 0 0 0 0 0 0 0 0 0 0 0 0 0 0 0 0 0 0 0 0 0 0 0 0 0 0 0 0 0 0 0 0 0 0 0 0 0 0 0 0 0 0 0 0 0 0 0 0 200
0 0 0 0 0 0 0 0 0 0 0 0 0 0 0 0 0 0 0 0 0 0 0 0 0 0 0 0 0 0 0 0 0 0 0 0 0 0 0 0 0 0 0 0 0 0 0 0 0 0 0 0 0 0 0 0 0 0 0 0 0 0 0 0 0 0 0 0 0 0 0 0 0 0 0 0 0 0 0 0 0 0 0 0 0 0 0 0 0 0 0 0 0 0 0 0 0 0 0 0 0 0 0 0 0 0 0 0 0 0 0 0 0 0 0 0 0 0 0 0 0 0 0 0 0 0 0 0 0 0 0 0 0 0 0 0 0 0 0 0 0 0 0 0 0 0 0 0 0 200
0 0 0 0 0 0 0 0 0 0 0 0 0 0 0 0 0 0 0 0 0 0 0 0 0 0 0 0 0 0 0 0 0 0 0 0 0 0 0 0 0 0 0 0 0 0 0 0 0 0 0 0 0 0 0 0 0 0 0 0 0 0 0 0 0 0 0 0 0 0 0 0 0 0 0 0 0 0 0 0 0 0 0 0 0 0 0 0 0 0 0 0 0 0 0 0 0 0 0 0 0 0 0 0 0 0 0 0 0 0 0 0 0 0 0 0 0 0 0 0 0 0 0 0 0 0 0 0 0 0 0 0 0 0 0 0 0 0 0 0 0 0 0 0 0 0 0 0 0 200
0 0 0 0 0 0 0 0 0 0 0 0 0 0 0 0 0 0 0 0 0 0 0 0 0 0 0 0 0 0 0 0 0 0 0 0 0 0 0 0 0 0 0 0 0 0 0 0 0 0 0 0 0 0 0 0 0 0 0 0 0 0 0 0 0 0 0 0 0 0 0 0 0 0 0 0 0 0 0 0 0 0 0 0 0 0 0 0 0 0 0 0 0 0 0 0 0 0 0 0 0 0 0 0 0 0 0 0 0 0 0 0 0 0 0 0 0 0 0 0 0 0 0 0 0 0 0 0 0 0 0 0 0 0 0 0 0 0 0 0 0 0 0 0 0 0 0 0 0 200
0 0 0 0 0 0 0 0 0 0 0 0 0 0 0 0 0 0 0 0 0 0 0 0 0 0 0 0 0 0 0 0 0 0 0 0 0 0 0 0 0 0 0 0 0 0 0 0 0 0 0 0 0 0 0 0 0 0 0 0 0 0 0 0 0 0 0 0 0 0 0 0 0 0 0 0 0 0 0 0 0 0 0 0 0 0 0 0 0 0 0 0 0 0 0 0 0 0 0 0 0 0 0 0 0 0 0 0 0 0 0 0 0 0 0 0 0 0 0 0 0 0 0 0 0 0 0 0 0 0 0 0 0 0 0 0 0 0 0 0 0 0 0 0 0 0 0 0 0 200
0 0 0 0 0 0 0 0 0 0 0 0 0 0 0 0 0 0 0 0 0 0 0 0 0 0 0 0 0 0 0 0 0 0 0 0 0 0 0 0 0 0 0 0 0 0 0 0 0 0 0 0 0 0 0 0 0 0 0 0 0 0 0 0 0 0 0 0 0 0 0 0 0 0 0 0 0 0 0 0 0 0 0 0 0 0 0 0 0 0 0 0 0 0 0 0 0 0 0 0 0 0 0 0 0 0 0 0 0 0 0 0 0 0 0 0 0 0 0 0 0 0 0 0 0 0 0 0 0 0 0 0 0 0 0 0 0 0 0 0 0 0 0 0 0 0 0 0 0 200
0 0 0 0 0 0 0 0 0 0 0 0 0 0 0 0 0 0 0 0 0 0 0 0 0 0 0 0 0 0 0 0 0 0 0 0 0 0 0 0 0 0 0 0 0 0 0 0 0 0 0 0 0 0 0 0 0 0 0 0 0 0 0 0 0 0 0 0 0 0 0 0 0 0 0 0 0 0 0 0 0 0 0 0 0 0 0 0 0 0 0 0 0 0 0 0 0 0 0 0 0 0 0 0 0 0 0 0 0 0 0 0 0 0 0 0 0 0 0 0 0 0 0 0 0 0 0 0 0 0 0 0 0 0 0 0 0 0 0 0 0 0 0 0 0 0 0 0 0 200
0 0 0 0 0 0 0 0 0 0 0 0 0 0 0 0 0 0 0 0 0 0 0 0 0 0 0 0 0 0 0 0 0 0 0 0 0 0 0 0 0 0 0 0 0 0 0 0 0 0 0 0 0 0 0 0 0 0 0 0 0 0 0 0 0 0 0 0 0 0 0 0 0 0 0 0 0 0 0 0 0 0 0 0 0 0 0 0 0 0 0 0 0 0 0 0 0 0 0 0 0 0 0 0 0 0 0 0 0 0 0 0 0 0 0 0 0 0 0 0 0 0 0 0 0 0 0 0 0 0 0 0 0 0 0 0 0 0 0 0 0 0 0 0 0 0 0 0 0 200
0 0 0 0 0 0 0 0 0 0 0 0 0 0 0 0 0 0 0 0 0 0 0 0 0 0 0 0 0 0 0 0 0 0 0 0 0 0 0 0 0 0 0 0 0 0 0 0 0 0 0 0 0 0 0 0 0 0 0 0 0 0 0 0 0 0 0 0 0 0 0 0 0 0 0 0 0 0 0 0 0 0 0 0 0 0 0 0 0 0 0 0 0 0 0 0 0 0 0 0 0 0 0 0 0 0 0 0 0 0 0 0 0 0 0 0 0 0 0 0 0 0 0 0 0 0 0 0 0 0 0 0 0 0 0 0 0 0 0 0 0 0 0 0 0 0 0 0 0 200
0 0 0 0 0 0 0 0 0 0 0 0 0 0 0 0 0 0 0 0 0 0 0 0 0 0 0 0 0 0 0 0 0 0 0 0 0 0 0 0 0 0 0 0 0 0 0 0 0 0 0 0 0 0 0 0 0 0 0 0 0 0 0 0 0 0 0 0 0 0 0 0 0 0 0 0 0 0 0 0 0 0 0 0 0 0 0 0 0 0 0 0 0 0 0 0 0 0 0 0 0 0 0 0 0 0 0 0 0 0 0 0 0 0 0 0 0 0 0 0 0 0 0 0 0 0 0 0 0 0 0 0 0 0 0 0 0 0 0 0 0 0 0 0 0 0 0 0 0 200
0 0 0 0 0 0 0 0 0 0 0 0 0 0 0 0 0 0 0 0 0 0 0 0 0 0 0 0 0 0 0 0 0 0 0 0 0 0 0 0 0 0 0 0 0 0 0 0 0 0 0 0 0 0 0 0 0 0 0 0 0 0 0 0 0 0 0 0 0 0 0 0 0 0 0 0 0 0 0 0 0 0 0 0 0 0 0 0 0 0 0 0 0 0 0 0 0 0 0 0 0 0 0 0 0 0 0 0 0 0 0 0 0 0 0 0 0 0 0 0 0 0 0 0 0 0 0 0 0 0 0 0 0 0 0 0 0 0 0 0 0 0 0 0 0 0 0 0 0 200
0 0 0 0 0 0 0 0 0 0 0 0 0 0 0 0 0 0 0 0 0 0 0 0 0 0 0 0 0 0 0 0 0 0 0 0 0 0 0 0 0 0 0 0 0 0 0 0 0 0 0 4 16 0 0 0 0 0 0 0 0 0 0 0 0 0 0 0 0 0 0 0 0 0 0 0 0 0 0 0 0 0 0 0 0 0 0 0 22 0 0 0 0 0 0 0 0 0 0 0 0 0 0 0 0 0 0 0 0 0 0 0 0 0 0 0 0 0 0 0 0 0 0 0 0 0 0 0 0 0 0 0 0 0 0 0 0 0 0 0 0 0 0 0 0 0 0 0 0 200
0 0 0 0 0 0 0 0 0 0 0 0 0 0 0 0 0 0 0 0 0 0 0 0 0 0 0 0 0 0 0 0 0 0 0 0 0 0 0 0 0 0 0 0 0 0 0 0 0 0 19 33 33 8 0 0 0 0 0 0 0 0 0 0 0 0 0 0 0 0 0 0 0 0 0 0 0 0 0 0 0 0 0 0 0 0 0 12 8 16 0 0 0 0 0 0 0 0 0 0 0 0 0 0 0 0 0 0 0 0 0 0 0 0 0 0 0 0 0 0 0 0 0 0 0 0 0 0 0 0 0 0 0 0 0 0 0 0 0 0 0 0 0 0 0 0 0 0 0 200
0 0 0 0 0 0 0 0 0 0 0 0 0 0 0 0 0 0 0 0 0 0 0 0 0 0 0 0 0 0 0 0 0 0 0 0 0 0 0 0 0 0 0 0 0 0 0 0 0 0 0 29 22 37 0 0 0 0 0 0 0 0 0 0 0 0 0 0 0 0 0 0 0 0 0 0 0 0 0 0 0 0 0 0 0 0 0 19 16 16 0 0 0 0 0 0 0 0 0 0 0 0 0 0 0 0 0 0 0 0 0 0 0 0 0 0 0 0 0 0 0 0 0 0 0 0 0 0 0 0 0 0 0 0 0 0 0 0 0 0 0 0 0 0 0 0 0 0 0 200
0 0 0 0 0 0 0 0 0 0 0 0 0 0 0 0 0 0 0 0 0 0 0 0 0 0 0 0 0 0 0 0 0 0 0 0 0 0 0 0 0 0 0 0 0 0 0 0 0 0 4 47 22 46 4 0 0 0 0 0 0 0 0 0 0 0 0 0 0 0 0 0 0 0 0 0 0 0 0 0 0 0 0 0 0 0 0 22 4 31 0 0 0 0 0 0 0 0 0 0 0 0 0 0 0 0 0 0 0 0 0 0 0 0 0 0 0 0 0 0 0 0 0 0 0 0 0 0 0 0 0 0 0 0 0 0 0 0 0 0 0 0 0 0 0 0 0 0 0 200
0 0 0 0 0 0 0 0 0 0 0 0 0 0 0 0 0 0 0 0 0 0 0 0 0 0 0 0 0 0 0 0 0 0 0 0 0 0 0 0 0 0 0 0 0 0 0 0 0 0 0 42 33 41 31 0 0 0 0 0 0 0 0 0 0 0 0 0 0 0 0 0 0 0 0 0 0 0 0 0 0 0 0 0 0 0 0 16 4 33 12 0 0 0 0 0 0 0 0 0 0 0 0 0 0 0 0 0 0 0 0 0 0 0 0 0 0 0 0 0 0 0 0 0 0 0 0 0 0 0 0 0 0 0 0 0 0 0 0 0 0 0 0 0 0 0 0 0 0 200
0 0 0 0 0 0 0 0 0 0 0 0 0 0 0 0 0 0 0 0 0 0 0 0 0 0 0 0 0 0 0 0 0 0 0 0 0 0 0 0 0 0 0 0 0 0 0 0 0 0 0 19 42 44 47 0 0 0 0 0 0 0 0 0 0 0 0 0 0 0 0 0 0 0 0 0 0 0 0 0 0 0 0 0 0 0 0 19 16 29 29 0 0 0 0 0 0 0 0 0 0 0 0 0 0 0 0 0 0 0 0 0 0 0 0 0 0 0 0 0 0 0 0 0 0 0 0 0 0 0 0 0 0 0 0 0 0 0 0 0 0 0 0 0 0 0 0 0 0 200
0 0 0 0 0 0 0 0 0 0 0 0 0 0 0 0 0 0 0 0 0 0 0 0 0 0 0 0 0 0 0 0 0 0 0 0 0 0 0 0 0 0 0 0 0 0 0 0 0 0 0 0 50 54 49 29 0 0 0 0 0 0 0 0 0 0 0 0 0 0 0 0 0 0 0 0 0 0 0 0 0 0 0 0 0 0 0 24 19 8 27 0 0 0 0 0 0 0 0 0 0 0 0 0 0 0 0 0 0 0 0 0 0 0 0 0 0 0 0 0 0 0 0 0 0 0 0 0 0 0 0 0 0 0 0 0 0 0 0 0 0 0 0 0 0 0 0 0 0 200
0 0 0 0 0 0 0 0 0 0 0 0 0 0 0 0 0 0 0 0 0 0 0 0 0 0 0 0 0 0 0 0 0 0 0 0 0 0 0 0 0 0 0 0 0 0 0 0 0 0 0 0 46 55 42 41 8 0 0 0 0 0 0 0 0 0 0 0 0 0 0 0 0 0 0 0 0 0 0 0 0 0 0 0 0 0 0 31 29 0 19 0 0 0 0 0 0 0 0 0 0 0 0 0 0 0 0 0 0 0 0 0 0 0 0 0 0 0 0 0 0 0 0 0 0 0 0 0 0 0 0 0 0 0 0 0 0 0 0 0 0 0 0 0 0 0 0 0 0 200
0 0 0 0 0 0 0 0 0 0 0 0 0 0 0 0 0 0 0 0 0 0 0 0 0 0 0 0 0 0 0 0 0 0 0 0 0 0 0 0 0 0 0 0 0 0 0 0 0 0 0 0 39 49 49 39 33 12 0 0 0 0 0 0 0 0 0 0 0 0 0 0 0 0 0 0 0 0 0 0 0 0 0 0 0 0 0 37 24 19 8 24 0 0 0 0 0 0 0 0 0 0 0 0 0 0 0 0 0 0 0 0 0 0 0 0 0 0 0 0 0 0 0 0 0 0 0 0 0 0 0 0 0 0 0 0 0 0 0 0 0 0 0 0 0 0 0 0 0 200
0 0 0 0 0 0 0 0 0 0 0 0 0 0 0 0 0 0 0 0 0 0 0 0 0 0 0 0 0 0 0 0 0 0 0 0 0 0 0 0 0 0 0 0 0 0 0 0 0 0 0 0 50 50 55 52 41 47 24 0 0 0 0 0 0 0 0 0 0 0 0 0 0 0 0 0 0 0 0 0 0 0 0 0 0 0 24 50 49 46 39 46 27 0 0 0 0 0 0 0 0 0 0 0 0 0 0 0 0 0 0 0 0 0 0 0 0 0 0 0 0 0 0 0 0 0 0 0 0 0 0 0 0 0 0 0 0 0 0 0 0 0 0 0 0 0 0 0 0 200
0 0 0 0 0 0 0 0 0 0 0 0 0 0 0 0 0 0 0 0 0 0 0 0 0 0 0 0 0 0 0 0 0 0 0 0 0 0 0 0 0 0 0 0 0 0 0 0 0 0 0 16 46 62 65 68 73 68 33 0 0 0 0 0 0 0 0 0 0 0 0 0 0 0 0 0 0 0 0 0 0 0 0 0 0 0 42 75 82 78 66 61 31 0 0 0 0 0 0 0 0 0 0 0 0 0 0 0 0 0 0 0 0 0 0 0 0 0 0 0 0 0 0 0 0 0 0 0 0 0 0 0 0 0 0 0 0 0 0 0 0 0 0 0 0 0 0 0 0 200
0 0 0 0 0 0 0 0 0 0 0 0 0 0 0 0 0 0 0 0 0 0 0 0 0 0 0 0 0 0 0 0 0 0 0 0 0 0 0 0 0 0 0 0 0 0 0 0 0 0 0 31 54 78 95 99 85 50 8 0 0 0 0 0 0 0 0 0 0 0 0 0 0 0 0 0 0 0 0 0 0 0 0 0 0 0 8 55 72 65 56 50 0 0 0 0 0 0 0 0 0 0 0 0 0 0 0 0 0 0 0 0 0 0 0 0 0 0 0 0 0 0 0 0 0 0 0 0 0 0 0 0 0 0 0 0 0 0 0 0 0 0 0 0 0 0 0 0 0 200
0 0 0 0 0 0 0 0 0 0 0 0 0 0 0 0 0 0 0 0 0 0 0 0 0 0 0 0 0 0 0 0 0 0 0 0 0 0 0 0 0 0 0 0 0 0 0 0 0 0 0 22 62 77 73 74 73 59 44 0 0 0 0 0 0 0 0 0 0 0 0 0 0 0 0 0 0 0 0 0 0 0 0 0 0 0 44 72 68 59 65 75 41 0 0 0 0 0 0 0 0 0 0 0 0 0 0 0 0 0 0 0 0 0 0 0 0 0 0 0 0 0 0 0 0 0 0 0 0 0 0 0 0 0 0 0 0 0 0 0 0 0 0 0 0 0 0 0 0 200
0 0 0 0 0 0 0 0 0 0 0 0 0 0 0 0 0 0 0 0 0 0 0 0 0 0 0 0 0 0 0 0 0 0 0 0 0 0 0 0 0 0 0 0 0 0 0 0 0 0 0 0 31 74 81 85 81 79 79 31 0 0 0 0 0 0 0 0 0 0 0 0 0 0 0 0 0 0 0 0 0 0 0 0 0 0 70 77 65 56 59 75 61 0 0 0 0 0 0 0 0 0 0 0 0 0 0 0 0 0 0 0 0 0 0 0 0 0 0 0 0 0 0 0 0 0 0 0 0 0 0 0 0 0 0 0 0 0 0 0 0 0 0 0 0 0 0 0 0 200
0 0 0 0 0 0 0 0 0 0 0 0 0 0 0 0 0 0 0 0 0 0 0 0 0 0 0 0 0 0 0 0 0 0 0 0 0 0 0 0 0 0 0 0 0 0 0 0 0 0 0 0 49 88 85 74 66 75 87 55 0 0 0 0 0 0 0 0 0 0 0 0 0 0 0 0 0 0 0 0 0 0 0 0 0 0 64 69 61 55 65 68 52 0 0 0 0 0 0 0 0 0 0 0 0 0 0 0 0 0 0 0 0 0 0 0 0 0 0 0 0 0 0 0 0 0 0 0 0 0 0 0 0 0 0 0 0 0 0 0 0 0 0 0 0 0 0 0 0 200
0 0 0 0 0 0 0 0 0 0 0 0 0 0 0 0 0 0 0 0 0 0 0 0 0 0 0 0 0 0 0 0 0 19 19 0 0 0 0 0 0 0 0 0 0 0 0 0 0 0 0 0 58 82 82 77 74 73 74 49 0 0 0 0 0 0 0 0 0 0 0 0 0 0 0 0 0 0 0 0 0 0 0 0 0 0 55 82 79 72 69 65 31 0 0 0 0 0 0 0 0 0 0 0 0 0 0 0 0 0 0 0 0 0 0 0 0 0 0 0 0 0 0 0 0 0 0 0 0 0 0 0 0 0 0 0 0 0 0 0 0 0 0 0 0 0 0 0 0 200
0 0 0 0 0 0 0 0 0 0 0 0 0 0 0 0 0 0 0 0 0 0 0 0 0 0 0 0 0 0 0 0 22 16 22 27 0 0 0 0 0 0 0 0 0 0 0 0 0 0 0 0 58 84 102 94 74 93 83 50 0 0 0 0 0 0 0 0 0 0 0 0 0 0 0 0 0 0 0 0 0 0 0 0 0 0 29 84 99 92 87 74 22 0 0 0 0 0 0 0 0 0 0 0 0 0 0 0 0 0 0 0 0 0 0 0 0 0 0 0 0 0 0 0 0 0 0 0 0 0 0 0 0 0 0 0 0 0 0 0 0 0 0 0 0 0 0 0 0 200
0 0 0 0 0 0 0 0 0 0 0 0 0 0 0 0 0 0 0 0 0 0 0 0 0 0 0 0 0 0 0 0 33 41 39 19 0 0 0 0 0 0 0 0 0 0 0 0 0 0 0 0 35 72 100 96 78 107 106 58 0 0 0 0 0 0 0 0 0 0 0 0 0 0 0 0 0 0 0 0 0 0 0 0 0 0 19 105 114 105 119 78 0 0 0 0 0 0 0 0 0 0 0 0 0 0 0 0 0 0 0 0 0 0 0 0 0 0 0 0 0 0 0 0 0 0 0 0 0 0 0 0 0 0 0 0 0 0 0 0 0 0 0 0 0 0 0 0 0 200
0 0 0 0 0 0 0 0 0 0 0 0 0 0 0 0 0 0 0 0 0 0 0 0 0 0 0 0 0 0 0 0 41 55 55 49 24 0 0 0 0 0 0 0 0 0 0 0 0 0 0 0 0 62 115 118 94 100 117 77 0 0 0 0 0 0 0 0 0 0 0 0 0 0 0 0 0 0 0 0 0 0 0 0 0 0 27 122 111 106 127 84 0 0 0 0 0 0 0 0 0 0 0 0 0 0 0 0 0 0 0 0 0 0 0 0 0 0 0 0 0 0 0 0 0 0 0 0 0 0 0 0 0 0 0 0 0 0 0 0 0 0 0 0 0 0 0 0 0 200
0 0 0 0 0 0 0 0 0 0 0 0 0 0 0 0 0 0 0 0 0 0 0 0 0 0 0 0 0 0 0 0 19 54 47 42 42 0 0 0 0 0 0 0 0 0 0 0 0 0 0 0 0 41 122 137 105 102 127 77 0 0 0 0 0 0 0 0 0 0 0 0 0 0 0 0 0 0 0 0 0 0 0 0 0 0 22 122 106 103 127 92 0 0 0 0 0 0 0 0 0 0 0 0 0 0 0 0 0 0 0 0 0 0 0 0 0 0 0 0 0 0 0 0 0 0 0 0 0 0 0 0 0 0 0 0 0 0 0 0 0 0 0 0 0 0 0 0 0 200
0 0 0 0 0 0 0 0 0 0 0 0 0 0 0 0 0 0 0 0 0 0 0 0 0 0 0 0 0 0 0 0 0 50 56 22 46 0 0 0 0 0 0 0 0 0 0 0 0 0 0 0 0 0 101 144 124 108 134 101 0 0 0 0 0 0 0 0 0 0 0 0 0 0 0 0 0 0 0 0 0 0 0 0 0 0 27 129 102 92 119 105 0 0 0 0 0 0 0 0 0 0 0 0 0 0 0 0 0 0 0 0 0 0 0 0 0 0 0 0 0 0 0 0 0 0 0 0 0 0 0 0 0 0 0 0 0 0 0 0 0 0 0 0 0 0 0 0 0 200
0 0 0 0 0 0 0 0 0 0 0 0 0 0 0 0 0 0 0 0 0 0 0 0 0 0 0 0 0 0 0 0 0 4 59 46 56 33 0 0 0 0 0 0 0 0 0 0 0 0 0 0 0 0 70 136 132 110 123 121 41 0 0 0 0 0 0 0 0 0 0 0 0 0 0 0 0 0 0 0 0 0 0 0 0 0 37 137 106 77 99 116 33 0 0 0 0 0 0 0 0 0 0 0 0 0 0 0 0 0 0 0 0 0 0 0 0 0 0 0 0 0 0 0 0 0 0 0 0 0 0 0 0 0 0 0 0 0 0 0 0 0 0 0 0 0 0 0 0 200
0 0 0 0 0 0 0 0 0 0 0 0 0 0 0 0 0 0 0 0 0 0 0 0 0 0 0 0 0 0 0 0 0 0 46 68 61 56 0 0 0 0 0 0 0 0 0 0 0 0 0 0 0 0 46 131 127 119 110 105 90 0 0 0 0 0 0 0 0 0 0 0 0 0 0 0 0 0 0 0 0 0 0 0 0 0 49 142 110 82 85 116 54 0 0 0 0 0 0 0 0 0 0 0 0 0 0 0 0 0 0 0 0 0 0 0 0 0 0 0 0 0 0 0 0 0 0 0 0 0 0 0 0 0 0 0 0 0 0 0 0 0 0 0 0 0 0 0 0 200
0 0 0 0 0 0 0 0 0 0 0 0 0 0 0 0 0 0 0 0 0 0 0 0 0 0 0 0 0 0 0 0 0 0 29 69 49 54 35 0 0 0 0 0 0 0 0 0 0 0 0 0 0 0 29 118 114 119 102 93 111 42 0 0 0 0 0 0 0 0 0 0 0 0 0 0 0 0 0 0 0 0 0 0 0 0 58 131 109 90 72 101 70 0 0 0 0 0 0 0 0 0 0 0 0 0 0 0 0 0 0 0 0 0 0 0 0 0 0 0 0 0 0 0 0 0 0 0 0 0 0 0 0 0 0 0 0 0 0 0 0 0 0 0 0 0 0 0 0 200
0 0 0 0 0 0 0 0 0 0 0 0 0 0 0 0 0 0 0 0 0 0 0 0 0 0 0 0 0 0 0 0 0 0 8 64 46 41 47 24 0 0 0 0 0 0 0 0 0 0 0 0 0 0 0 103 114 109 96 95 110 88 0 0 0 0 0 0 0 0 0 0 0 0 0 0 0 0 0 0 0 0 0 0 0 0 83 117 93 96 87 85 89 16 0 0 0 0 0 0 0 0 0 0 0 0 0 0 0 0 0 0 0 0 0 0 0 0 0 0 0 0 0 0 0 0 0 0 0 0 0 0 0 0 0 0 0 0 0 0 0 0 0 0 0 0 0 0 0 200
0 0 0 0 0 0 0 0 0 0 0 0 0 0 0 0 0 0 0 0 0 0 0 0 0 0 0 0 0 0 0 0 0 0 0 55 55 46 50 47 35 0 0 0 0 0 0 0 0 0 0 0 0 0 0 85 125 115 103 97 100 110 58 0 0 0 0 0 0 0 0 0 0 0 0 0 0 0 0 0 0 0 0 0 0 0 100 100 87 89 89 65 88 56 0 0 0 0 0 0 0 0 0 0 0 0 0 0 0 0 0 0 0 0 0 0 0 0 0 0 0 0 0 0 0 0 0 0 0 0 0 0 0 0 0 0 0 0 0 0 0 0 0 0 0 0 0 0 0 200
0 0 0 0 0 0 0 0 0 0 0 0 0 0 0 0 0 0 0 0 0 0 0 0 0 0 0 0 0 0 0 0 0 0 16 54 56 52 56 56 49 12 0 0 0 0 0 0 0 0 0 0 0 0 0 72 128 111 111 111 92 95 87 0 0 0 0 0 0 0 0 0 0 0 0 0 0 0 0 0 0 0 0 0 0 47 96 94 90 83 81 66 68 65 0 0 0 0 0 0 0 0 0 0 0 0 0 0 0 0 0 0 0 0 0 0 0 0 0 0 0 0 0 0 0 0 0 0 0 0 0 0 0 0 0 0 0 0 0 0 0 0 0 0 0 0 0 0 0 200
0 0 0 0 0 0 0 0 0 0 0 0 0 0 0 0 0 0 0 0 0 0 0 0 0 0 0 0 0 0 0 0 0 0 16 50 66 73 84 65 44 16 0 0 0 0 0 0 0 0 0 0 0 0 0 59 124 100 100 114 99 85 88 52 0 0 0 0 0 0 0 0 0 0 0 0 0 0 0 0 0 0 0 0 0 65 94 99 96 97 92 84 69 69 54 0 0 0 0 0 0 0 0 0 0 0 0 0 0 0 0 0 0 0 0 0 0 0 0 0 0 0 0 0 0 0 0 0 0 0 0 0 0 0 0 0 0 0 0 0 0 0 0 0 0 0 0 0 0 200
0 0 0 0 0 0 0 0 0 0 0 0 0 0 0 0 0 0 0 0 0 0 0 0 0 0 0 0 0 0 0 0 0 0 16 65 93 105 90 72 52 42 0 0 0 0 0 0 0 0 0 0 0 0 0 54 121 95 90 95 96 92 74 70 29 0 0 0 0 0 0 0 0 0 0 0 0 0 0 0 0 0 0 0 41 93 121 133 118 108 95 92 96 108 88 0 0 0 0 0 0 0 0 0 0 0 0 0 0 0 0 0 0 0 0 0 0 0 0 0 0 0 0 0 0 0 0 0 0 0 0 0 0 0 0 0 0 0 0 0 0 0 0 0 0 0 0 0 0 200
0 0 0 0 0 0 0 0 0 0 0 0 0 0 0 0 0 0 0 0 0 0 0 0 0 0 0 0 0 0 0 0 0 0 0 54 77 85 73 83 70 70 35 0 0 0 0 0 0 0 0 0 0 0 0 61 102 93 90 85 88 99 81 65 69 22 0 0 0 0 0 0 0 0 0 0 0 0 0 0 0 0 0 0 37 101 119 132 143 128 110 95 85 88 47 0 0 0 0 0 0 0 0 0 0 0 0 0 0 0 0 0 0 0 0 0 0 0 0 0 0 0 0 0 0 0 0 0 0 0 0 0 0 0 0 0 0 0 0 0 0 0 0 0 0 0 0 0 0 200
0 0 0 0 0 0 0 0 0 0 0 0 0 0 0 0 0 0 0 0 0 0 0 0 0 0 0 0 0 0 0 0 0 0 0 0 62 83 85 78 65 74 59 16 0 0 0 0 0 0 0 0 0 0 0 58 94 97 95 102 100 102 97 92 99 44 0 0 0 0 0 0 0 0 0 0 0 0 0 0 0 0 0 0 0 44 88 108 116 108 95 83 65 29 0 0 0 0 0 0 0 0 0 0 0 0 0 0 0 0 0 0 0 0 0 0 0 0 0 0 0 0 0 0 0 0 0 0 0 0 0 0 0 0 0 0 0 0 0 0 0 0 0 0 0 0 0 0 0 200
0 0 0 0 0 0 0 0 0 0 0 0 0 0 0 0 0 0 0 0 0 0 0 0 0 0 0 0 0 0 0 0 0 0 0 0 62 77 68 66 66 62 56 0 0 0 0 0 0 0 0 0 0 0 0 44 92 116 108 113 131 123 118 103 69 19 0 0 0 0 0 0 0 0 0 0 0 0 0 0 0 0 0 0 0 64 118 113 114 100 97 94 83 47 19 0 0 0 0 0 0 0 0 0 0 0 0 0 0 0 0 0 0 0 0 0 0 0 0 0 0 0 0 0 0 0 0 0 0 0 0 0 0 0 0 0 0 0 0 0 0 0 0 0 0 0 0 0 0 200
0 0 0 0 0 0 0 0 0 0 0 0 0 0 0 0 0 0 0 0 0 0 0 0 0 0 0 0 0 0 0 0 0 0 0 16 56 81 83 69 75 72 58 0 0 0 0 0 0 0 0 0 0 0 0 61 114 148 149 154 161 135 101 73 37 16 0 0 0 0 0 0 0 0 0 0 0 0 0 0 0 0 0 0 0 94 146 125 110 89 89 97 127 82 19 0 0 0 0 0 0 0 0 0 0 0 0 0 0 0 0 0 0 0 0 0 0 0 0 0 0 0 0 0 0 0 0 0 0 0 0 0 0 0 0 0 0 0 0 0 0 0 0 0 0 0 0 0 0 200
0 0 0 0 0 0 0 0 0 0 0 0 0 0 0 0 0 0 0 0 0 0 0 0 0 0 0 0 0 0 0 0 0 0 0 0 50 73 85 82 90 89 69 0 0 0 0 0 0 0 0 0 0 0 0 37 106 127 136 135 122 109 111 110 77 31 24 0 0 0 0 0 0 0 0 0 0 0 0 0 0 0 0 0 0 110 143 145 114 97 107 109 149 105 8 0 0 0 0 0 0 0 0 0 0 0 0 0 0 0 0 0 0 0 0 0 0 0 0 0 0 0 0 0 0 0 0 0 0 0 0 0 0 0 0 0 0 0 0 0 0 0 0 0 0 0 0 0 0 200
0 0 0 0 0 0 0 0 0 0 0 0 0 0 0 0 0 0 0 0 0 0 0 0 0 0 0 0 0 0 0 0 0 0 0 0 4 62 96 97 101 110 90 12 0 0 0 0 0 0 0 0 0 0 0 0 33 92 118 125 113 118 111 147 127 49 24 12 0 0 0 0 0 0 0 0 0 0 0 0 0 0 0 0 8 108 123 139 121 105 125 124 128 101 16 0 0 0 0 0 0 0 0 0 0 0 0 0 0 0 0 0 0 0 0 0 0 0 0 0 0 0 0 0 0 0 0 0 0 0 0 0 0 0 0 0 0 0 0 0 0 0 0 0 0 0 0 0 0 200
0 0 0 0 0 0 0 0 0 0 0 0 0 0 0 0 0 0 0 0 0 0 0 0 0 0 0 0 0 0 0 0 0 0 0 0 0 33 113 118 95 110 108 46 0 0 0 0 0 0 0 0 0 0 0 0 46 128 133 134 122 113 111 142 159 78 27 12 0 0 0 0 0 0 0 0 0 0 0 0 0 0 0 0 16 97 129 144 119 108 125 127 118 85 4 0 0 0 0 0 0 0 0 0 0 0 0 0 0 0 0 0 0 0 0 0 0 0 0 0 0 0 0 0 0 0 0 0 0 0 0 0 0 0 0 0 0 0 0 0 0 0 0 0 0 0 0 0 0 200
0 0 0 0 0 0 0 0 0 0 0 0 0 0 0 0 0 0 0 0 0 0 0 0 0 0 0 0 0 0 0 0 0 0 0 0 0 0 92 132 102 101 110 74 0 0 0 0 0 0 0 0 0 0 0 0 50 154 155 135 129 121 128 144 149 109 50 0 0 0 0 0 0 0 0 0 0 0 0 0 0 0 0 0 0 96 162 155 108 109 133 147 128 68 0 0 0 0 0 0 0 0 0 0 0 0 0 0 0 0 0 0 0 0 0 0 0 0 0 0 0 0 0 0 0 0 0 0 0 0 0 0 0 0 0 0 0 0 0 0 0 0 0 0 0 0 0 0 0 200
0 0 0 0 0 0 0 0 0 0 0 0 0 0 0 0 0 0 0 0 0 0 0 0 0 0 0 0 0 0 0 0 0 0 0 0 0 0 41 123 121 102 96 90 35 0 0 0 0 0 0 0 0 0 0 0 33 129 151 144 136 131 136 158 136 106 47 4 0 0 0 0 0 0 0 0 0 0 0 0 0 0 0 0 0 79 168 161 118 119 144 166 126 33 0 0 0 0 0 0 0 0 0 0 0 0 0 0 0 0 0 0 0 0 0 0 0 0 0 0 0 0 0 0 0 0 0 0 0 0 0 0 0 0 0 0 0 0 0 0 0 0 0 0 0 0 0 0 0 200
0 0 0 0 0 0 0 0 0 0 0 0 0 0 0 0 0 0 0 0 0 0 0 0 0 0 0 0 0 0 0 0 0 0 0 0 0 0 0 97 115 106 90 92 62 0 0 0 0 0 0 0 0 0 0 0 0 100 133 156 137 123 131 151 145 108 29 16 0 0 0 0 0 0 0 0 0 0 0 0 0 0 0 0 0 70 170 161 138 137 160 174 99 0 0 0 0 0 0 0 0 0 0 0 0 0 0 0 0 0 0 0 0 0 0 0 0 0 0 0 0 0 0 0 0 0 0 0 0 0 0 0 0 0 0 0 0 0 0 0 0 0 0 0 0 0 0 0 0 200
0 0 0 0 0 0 0 0 0 0 0 0 0 0 0 0 0 0 0 0 0 0 0 0 0 0 0 0 0 0 0 0 0 0 0 0 0 0 0 77 114 101 101 87 89 33 0 0 0 0 0 0 0 0 0 0 0 69 131 162 153 131 126 150 159 124 35 19 0 0 0 0 0 0 0 0 0 0 0 0 0 0 0 0 0 69 168 173 150 155 163 167 75 0 0 0 0 0 0 0 0 0 0 0 0 0 0 0 0 0 0 0 0 0 0 0 0 0 0 0 0 0 0 0 0 0 0 0 0 0 0 0 0 0 0 0 0 0 0 0 0 0 0 0 0 0 0 0 0 200
0 0 0 0 0 0 0 0 0 0 0 0 0 0 0 0 0 0 0 0 0 0 0 0 0 0 0 0 0 0 0 0 0 0 0 0 0 0 0 46 103 88 97 93 85 69 19 0 0 0 0 0 0 0 0 0 0 16 127 187 166 139 142 155 178 137 39 19 8 8 0 0 0 0 0 0 0 0 0 0 0 0 0 0 0 74 167 185 166 159 173 160 59 0 0 0 0 0 0 0 0 0 0 0 0 0 0 0 0 0 0 0 0 0 0 0 0 0 0 0 0 0 0 0 0 0 0 0 0 0 0 0 0 0 0 0 0 0 0 0 0 0 0 0 0 0 0 0 0 200
0 0 0 0 0 0 0 0 0 0 0 0 0 0 0 0 0 0 0 0 0 0 0 0 0 0 0 0 0 0 0 0 0 0 0 0 0 0 0 8 100 94 102 111 77 74 54 0 0 0 0 0 0 0 0 0 0 0 68 173 193 168 155 154 184 146 50 27 16 0 0 0 0 0 0 0 0 0 0 0 0 0 0 0 0 79 166 190 175 169 185 154 56 8 0 0 0 0 0 0 0 0 0 0 0 0 0 0 0 0 0 0 0 0 0 0 0 0 0 0 0 0 0 0 0 0 0 0 0 0 0 0 0 0 0 0 0 0 0 0 0 0 0 0 0 0 0 0 0 200
0 0 0 0 0 0 0 0 0 0 0 0 0 0 0 0 0 0 0 0 0 0 0 0 0 0 0 0 0 0 0 0 0 0 0 0 0 0 0 0 89 111 96 110 95 74 59 33 0 0 0 0 0 0 0 0 0 0 29 144 193 176 163 161 186 162 64 12 4 4 0 0 0 0 0 0 0 0 0 0 0 0 0 0 0 87 173 185 171 173 191 149 47 0 0 0 0 0 0 0 0 0 0 0 0 0 0 0 0 0 0 0 0 0 0 0 0 0 0 0 0 0 0 0 0 0 0 0 0 0 0 0 0 0 0 0 0 0 0 0 0 0 0 0 0 0 0 0 0 200
0 0 0 0 0 0 0 0 0 0 0 0 0 0 0 0 0 0 0 0 0 0 0 0 0 0 0 0 0 0 0 0 0 0 0 0 0 0 0 0 66 109 87 92 87 78 72 55 24 0 0 0 0 0 0 0 0 0 0 103 190 193 187 177 184 174 82 24 0 0 0 0 0 0 0 0 0 0 0 0 0 0 0 0 0 95 185 182 163 157 176 150 55 4 0 0 0 0 0 0 0 0 0 0 0 0 0 0 0 0 0 0 0 0 0 0 0 0 0 0 0 0 0 0 0 0 0 0 0 0 0 0 0 0 0 0 0 0 0 0 0 0 0 0 0 0 0 0 0 200
0 0 0 0 0 0 0 0 0 0 0 0 0 0 0 0 0 0 0 0 0 0 0 0 0 0 0 0 0 0 0 0 0 0 0 0 0 0 0 0 47 99 81 88 77 78 74 68 52 33 0 0 0 0 0 0 0 0 0 70 179 203 192 187 171 178 103 33 29 0 0 0 0 0 0 0 0 0 0 0 0 0 0 0 0 100 189 181 166 147 164 151 55 4 0 0 0 0 0 0 0 0 0 0 0 0 0 0 0 0 0 0 0 0 0 0 0 0 0 0 0 0 0 0 0 0 0 0 0 0 0 0 0 0 0 0 0 0 0 0 0 0 0 0 0 0 0 0 0 200
0 0 0 0 0 0 0 0 0 0 0 0 0 0 4 0 0 0 0 0 0 0 0 0 0 0 0 0 0 0 0 0 0 0 0 0 0 0 0 0 35 114 85 77 81 83 83 78 79 52 0 0 0 0 0 0 0 0 0 44 153 203 198 183 164 168 134 54 22 4 0 0 0 0 0 0 0 0 0 0 0 0 0 0 0 94 187 179 157 142 161 148 50 4 0 0 0 0 0 0 0 0 0 0 0 0 0 0 0 0 0 0 0 0 0 0 0 0 0 0 0 0 0 0 0 0 0 0 0 0 0 0 0 0 0 0 0 0 0 0 0 0 0 0 0 0 0 0 0 200
0 0 0 0 0 0 0 0 0 0 0 0 29 31 29 16 29 4 0 0 0 0 0 0 0 0 0 0 0 0 0 0 0 0 0 0 0 0 0 0 22 99 90 92 101 105 114 99 78 41 0 0 0 0 0 0 0 0 0 16 119 201 201 181 169 159 159 82 19 4 0 0 0 0 0 0 0 0 0 0 0 0 0 0 0 88 186 178 154 148 168 149 50 0 0 0 0 0 0 0 0 0 0 0 0 0 0 0 0 0 0 0 0 0 0 0 0 0 0 0 0 0 0 0 0 0 0 0 0 0 0 0 0 0 0 0 0 0 0 0 0 0 0 0 0 0 0 0 0 200
0 0 0 0 0 0 0 0 0 0 0 24 31 39 37 27 16 12 8 0 0 0 0 0 0 0 0 0 0 0 0 0 0 0 0 0 0 0 0 0 0 75 100 110 133 137 121 96 83 69 27 0 0 0 0 0 0 0 0 0 87 188 198 186 179 156 162 110 37 8 0 0 0 0 0 0 0 0 0 0 0 0 0 0 0 89 184 177 161 159 172 145 41 0 0 0 0 0 0 0 0 0 0 0 0 0 0 0 0 0 0 0 0 0 0 0 0 0 0 0 0 0 0 0 0 0 0 0 0 0 0 0 0 0 0 0 0 0 0 0 0 0 0 0 0 0 0 0 0 200
0 0 0 0 0 0 0 0 0 0 0 37 42 55 44 39 22 8 22 8 0 0 0 0 0 0 0 0 0 0 0 0 0 0 0 0 0 0 0 0 0 62 115 136 139 118 107 101 103 101 54 4 0 0 0 0 0 0 0 0 56 171 199 193 181 151 155 131 47 8 0 0 0 0 0 0 0 0 0 0 0 0 0 0 0 93 184 175 162 158 166 139 46 0 0 0 0 0 0 0 0 0 0 0 0 0 0 0 0 0 0 0 0 0 0 0 0 0 0 0 0 0 0 0 0 0 0 0 0 0 0 0 0 0 0 0 0 0 0 0 0 0 0 0 0 0 0 0 0 200
0 0 0 0 0 0 0 0 0 0 0 19 54 58 58 46 33 24 19 4 0 0 0 0 0 0 0 0 0 0 0 0 0 0 0 0 0 0 0 0 0 35 58 73 90 119 117 113 107 116 93 41 0 0 0 0 0 0 0 0 31 147 201 193 176 157 159 148 77 12 12 0 0 0 0 0 0 0 0 0 0 0 0 0 0 94 188 171 156 156 167 135 47 0 0 0 0 0 0 0 0 0 0 0 0 0 0 0 0 0 0 0 0 0 0 0 0 0 0 0 0 0 0 0 0 0 0 0 0 0 0 0 0 0 0 0 0 0 0 0 0 0 0 0 0 0 0 0 0 200
0 0 0 0 0 0 0 0 0 0 0 0 44 66 79 62 44 22 16 8 0 0 0 0 0 0 0 0 0 0 0 0 0 0 0 0 0 0 0 0 0 12 22 66 108 127 109 111 111 106 89 64 4 0 0 0 0 0 0 0 0 111 191 189 183 175 173 162 103 35 12 0 0 0 0 0 0 0 0 0 0 0 0 0 0 100 186 168 158 147 156 134 52 0 0 0 0 0 0 0 0 0 0 0 0 0 0 0 0 0 0 0 0 0 0 0 0 0 0 0 0 0 0 0 0 0 0 0 0 0 0 0 0 0 0 0 0 0 0 0 0 0 0 0 0 0 0 0 0 200
0 0 0 0 0 0 0 0 0 0 0 0 42 50 72 64 55 41 12 16 4 4 0 0 0 0 0 0 0 0 0 0 0 0 0 0 0 0 0 0 0 0 35 89 128 124 114 110 119 114 88 61 29 0 0 0 0 0 0 0 0 66 179 190 184 181 170 163 116 41 0 0 0 0 0 0 0 0 0 0 0 0 0 0 0 107 179 166 149 146 155 139 49 0 0 0 0 0 0 0 0 0 0 0 0 0 0 0 0 0 0 0 0 0 0 0 0 0 0 0 0 0 0 0 0 0 0 0 0 0 0 0 0 0 0 0 0 0 0 0 0 0 0 0 0 0 0 0 0 200
0 0 0 0 0 0 0 0 0 0 0 0 31 39 64 69 61 58 24 8 16 0 0 0 0 0 0 0 0 0 0 0 0 0 0 0 0 0 0 0 0 16 35 78 137 131 113 107 126 132 100 52 16 0 0 0 0 0 0 0 0 29 150 193 183 182 173 170 134 52 16 12 0 0 0 0 0 0 0 0 0 0 0 0 0 117 174 155 128 139 142 139 58 0 0 0 0 0 0 0 0 0 0 0 0 0 0 0 0 0 0 0 0 0 0 0 0 0 0 0 0 0 0 0 0 0 0 0 0 0 0 0 0 0 0 0 19 8 0 0 0 0 0 0 0 0 0 0 0 200
0 0 0 0 0 0 0 0 0 0 0 0 0 37 29 62 68 66 47 16 12 0 0 0 0 0 0 0 0 0 0 0 0 0 0 0 0 0 0 0 0 19 31 47 121 145 129 92 102 137 128 61 16 0 0 0 0 0 0 0 0 0 115 198 184 182 177 170 155 75 27 8 0 0 0 0 0 0 0 0 0 0 0 0 0 133 167 134 137 137 131 144 69 0 0 0 0 0 0 0 0 0 0 0 0 0 0 0 0 0 0 0 0 0 0 0 0 0 0 0 0 0 0 0 0 0 0 0 0 0 0 0 0 0 12 27 33 31 0 0 0 0 0 0 0 0 0 0 0 200
0 0 0 0 0 0 0 0 0 0 0 0 0 31 19 41 70 69 61 46 24 0 0 0 0 0 0 0 0 0 0 0 0 0 0 0 0 0 0 0 0 0 4 35 101 154 143 93 81 136 144 75 8 0 0 0 0 0 0 0 0 0 82 191 186 185 175 167 162 101 24 24 0 0 0 0 0 0 0 0 0 0 0 0 8 143 161 119 123 129 118 141 89 0 0 0 0 0 0 0 0 0 0 0 0 0 0 0 0 0 0 0 0 0 0 0 0 0 0 0 0 0 0 0 0 0 0 0 0 0 0 0 0 0 8 44 58 39 0 0 0 0 0 0 0 0 0 0 0 200
0 0 0 0 0 0 0 0 0 0 0 0 0 0 41 24 52 68 59 54 50 42 19 0 0 0 0 0 0 0 0 0 0 0 0 0 0 0 0 0 0 0 0 16 77 166 153 123 108 138 148 103 27 16 0 0 0 0 0 0 0 0 42 168 186 181 181 167 160 133 42 19 4 0 0 0 0 0 0 0 0 0 0 0 42 161 137 111 115 123 110 124 125 31 0 0 0 0 0 0 0 0 0 0 0 0 0 0 0 0 0 0 0 0 0 0 0 0 0 0 0 0 0 0 0 0 0 0 0 0 0 0 0 29 41 49 75 44 0 0 0 0 0 0 0 0 0 0 0 200
0 0 0 0 0 0 0 0 0 0 0 0 0 0 42 35 37 56 64 56 54 52 24 0 0 0 0 0 0 0 0 0 0 0 0 0 0 0 0 0 0 0 0 16 27 121 183 164 138 136 149 123 46 19 0 0 0 0 0 0 0 0 4 137 188 177 173 156 153 166 82 4 22 0 0 0 0 0 0 0 0 0 0 0 88 172 122 117 111 115 115 111 134 87 0 0 0 0 0 0 0 0 0 0 0 0 0 0 0 0 0 0 0 0 0 0 0 0 0 0 0 0 0 0 0 0 0 0 0 0 0 0 16 58 58 59 83 19 0 0 0 0 0 0 0 0 0 0 0 200
0 0 0 0 0 0 0 0 0 0 0 0 0 0 0 33 37 59 62 58 64 54 31 0 0 0 0 0 0 0 0 0 0 0 0 0 0 0 0 0 0 0 0 16 22 62 178 200 160 138 153 137 64 0 19 0 0 0 0 0 0 0 0 122 195 164 149 145 125 161 143 29 12 0 0 0 0 0 0 0 0 0 0 12 127 151 124 113 106 106 109 115 123 121 19 0 0 0 0 0 0 0 0 0 0 0 0 0 0 0 0 0 0 0 0 0 0 0 0 0 0 0 0 0 0 0 0 0 0 0 0 0 49 66 44 83 69 0 0 0 0 0 0 0 0 0 0 0 0 200
0 0 0 0 0 0 0 0 0 0 0 0 0 0 0 27 27 56 65 82 84 72 62 39 4 0 0 0 0 0 0 0 0 0 0 0 0 0 0 0 0 0 0 4 31 37 127 203 183 142 155 151 100 33 8 0 0 0 0 0 0 0 0 97 187 151 133 133 114 131 166 115 12 16 0 0 0 0 0 0 0 0 16 64 136 136 134 122 106 109 101 115 123 124 89 4 4 0 0 0 0 0 0 0 0 0 0 0 0 0 0 0 0 0 0 0 0 0 0 0 0 0 0 0 0 0 0 0 0 0 0 46 70 55 56 72 0 0 0 0 0 0 0 0 0 0 0 0 0 200
0 0 0 0 0 0 0 0 0 0 0 0 0 0 0 8 24 41 77 92 84 74 78 68 35 0 0 0 0 0 0 0 0 0 0 0 0 0 0 0 0 0 0 16 8 12 78 186 191 145 141 155 126 62 0 0 0 0 0 0 0 0 0 59 174 161 133 131 131 124 143 173 84 0 4 0 0 0 0 4 0 0 42 100 118 119 122 125 117 119 117 111 126 125 124 68 0 0 0 0 0 0 0 0 0 0 0 0 0 0 0 0 0 0 0 0 0 0 0 0 0 0 0 0 0 0 0 0 0 0 22 73 62 50 75 47 0 0 0 0 0 0 0 0 0 0 0 0 0 200
0 0 0 0 0 0 0 0 0 0 0 0 0 0 0 0 31 39 50 75 83 77 73 66 44 8 0 0 0 0 0 0 0 0 0 0 0 0 0 0 0 0 0 0 4 19 44 156 191 151 138 149 132 82 22 8 0 0 0 0 0 0 12 49 168 166 141 131 132 123 119 147 158 81 0 16 8 0 0 12 12 22 59 115 123 124 129 141 132 125 117 109 126 128 151 116 4 0 0 0 0 0 0 0 0 0 0 0 0 0 0 0 0 0 0 0 0 0 0 0 0 0 0 0 0 0 0 0 0 0 58 54 50 59 65 0 0 0 0 0 0 0 0 0 0 0 0 0 0 200
0 0 0 0 0 0 0 0 0 0 0 0 0 0 0 0 0 35 8 77 82 72 66 69 56 19 0 8 0 0 0 0 0 0 0 0 0 0 0 0 0 0 0 0 4 12 19 116 198 148 137 141 143 99 41 16 16 0 0 0 0 19 24 44 148 160 139 115 114 124 106 102 143 151 81 37 22 0 8 24 22 29 74 134 134 141 160 174 168 153 142 125 123 139 166 116 0 0 0 0 0 0 0 0 0 0 0 0 0 0 0 0 0 0 0 0 0 0 0 0 0 0 0 0 0 0 0 0 35 58 58 46 56 70 47 0 0 0 0 0 0 0 0 0 0 0 0 0 0 200
0 0 0 0 0 0 0 0 0 0 0 0 0 0 0 0 0 0 37 61 78 77 66 72 72 39 0 0 0 0 0 0 0 0 0 0 0 0 0 0 0 0 0 0 0 0 0 72 181 167 144 158 157 113 56 8 0 0 0 0 12 22 33 41 158 162 133 127 115 135 117 95 105 145 149 65 35 4 16 22 24 35 78 151 177 201 208 191 172 179 192 172 149 157 132 79 31 19 0 0 0 0 0 0 0 0 0 0 0 0 0 0 0 0 0 0 0 0 0 0 0 0 0 0 0 0 0 59 62 47 42 47 65 62 0 0 0 0 0 0 0 0 0 0 0 0 0 0 0 200
0 0 0 0 0 0 0 0 0 0 0 0 0 0 0 0 0 0 16 42 64 84 84 75 83 72 39 16 0 4 0 0 0 0 0 0 0 0 0 0 0 0 0 0 0 0 4 33 136 188 157 163 161 127 78 29 12 0 0 4 0 8 29 61 170 158 132 135 122 125 121 113 123 133 170 94 37 33 27 22 27 44 59 115 164 149 123 109 101 118 143 170 156 115 72 35 35 16 0 0 0 0 0 0 0 0 0 0 0 0 0 0 0 0 0 0 0 0 0 0 0 0 0 0 0 0 81 87 55 47 49 61 72 58 0 0 0 0 0 0 0 0 0 0 0 0 0 0 0 200
0 0 0 0 0 0 0 0 0 0 0 0 0 0 0 0 0 0 0 35 31 64 102 83 83 81 69 47 29 0 0 0 0 0 0 0 0 0 0 0 0 0 0 0 0 0 0 0 82 191 178 160 155 132 90 39 19 12 24 29 24 24 27 69 143 138 138 142 144 137 128 113 110 108 171 128 39 54 33 24 33 49 59 61 73 107 138 143 149 126 103 88 77 64 59 50 41 19 0 0 0 0 0 0 0 0 0 0 0 0 0 0 0 0 0 0 0 0 0 0 0 0 0 0 0 0 85 66 70 62 59 72 75 77 0 0 0 0 0 0 0 0 0 0 0 0 0 0 0 200
0 0 0 0 0 0 0 0 0 0 0 0 0 0 0 0 0 0 0 0 29 22 75 103 81 78 70 66 65 44 19 0 0 0 0 0 0 0 0 0 0 0 0 0 0 0 0 12 8 147 197 164 159 146 119 65 29 24 27 16 19 27 39 73 126 144 137 141 153 164 168 157 138 121 159 125 44 49 37 27 39 54 62 58 117 164 171 170 166 160 155 119 78 66 62 62 46 24 0 0 0 0 0 0 0 0 0 0 0 0 0 0 0 0 0 0 0 0 0 0 0 0 0 0 0 0 27 56 70 82 83 89 90 82 0 0 0 0 0 0 0 0 0 0 0 0 0 0 0 200
0 0 0 0 0 0 0 0 0 0 0 0 0 0 0 0 0 0 0 0 12 19 19 102 100 85 79 69 64 70 64 19 0 0 0 0 0 0 0 0 0 0 0 0 0 0 0 0 0 89 190 169 158 156 134 89 50 37 27 29 35 31 41 79 147 141 137 173 199 202 184 181 175 158 131 82 56 52 41 29 42 55 61 82 136 166 158 160 168 163 162 146 113 82 66 61 44 19 0 0 0 0 0 0 0 0 0 0 0 0 0 0 0 0 0 0 0 0 0 0 0 0 0 0 0 27 50 72 81 89 105 102 103 89 4 0 0 0 0 0 0 0 0 0 0 0 0 0 0 200
0 0 0 0 0 0 0 0 0 0 0 0 0 0 0 0 0 0 0 0 0 27 12 42 107 88 79 78 74 87 79 24 8 0 0 0 0 0 0 0 0 0 0 0 0 0 0 0 0 29 163 182 154 143 134 109 69 35 33 41 42 41 39 82 154 160 179 210 173 135 129 121 113 102 78 64 69 61 49 37 47 55 66 100 135 161 156 156 163 178 178 183 148 96 81 59 49 35 0 0 0 0 0 0 0 0 0 0 0 0 0 0 0 0 0 0 0 0 0 0 0 0 0 0 22 70 99 99 100 108 121 129 117 97 0 0 0 0 0 0 0 0 0 0 0 0 0 0 0 200
0 0 0 0 0 0 0 0 0 0 0 0 0 0 0 0 0 0 0 0 0 0 22 19 70 89 85 96 94 94 90 52 19 0 0 0 0 0 0 0 0 0 0 0 0 0 0 0 0 0 110 192 158 133 132 126 108 52 39 42 39 44 47 66 113 171 169 129 117 124 133 133 128 100 74 68 66 64 54 46 49 59 78 109 154 163 147 169 175 176 170 190 202 146 95 68 55 46 0 0 0 0 0 0 0 0 0 0 0 0 0 0 0 0 0 0 0 0 0 0 0 0 0 0 47 79 89 111 108 119 95 83 84 70 0 0 0 0 0 0 0 0 0 0 0 0 0 0 0 200
0 0 0 0 0 0 0 0 0 0 0 0 0 0 0 0 0 0 0 0 0 0 12 16 37 88 100 121 118 101 99 87 47 19 0 0 0 0 0 0 0 0 0 0 0 0 0 0 0 0 52 175 157 122 119 117 123 89 52 44 49 50 55 64 69 87 95 133 149 153 151 158 168 133 95 73 72 69 54 47 50 65 92 117 166 174 148 162 150 145 153 158 197 200 107 79 55 44 0 0 0 0 0 0 0 0 0 0 0 0 0 0 0 0 0 0 0 0 0 0 0 0 0 0 56 84 89 102 113 126 147 115 54 0 0 0 0 0 0 0 0 0 0 0 0 0 0 0 0 200
0 0 0 0 0 0 0 0 0 0 0 0 0 0 0 0 0 0 0 0 0 0 0 24 22 72 118 133 117 101 100 97 70 47 8 0 0 0 0 0 0 0 0 0 0 0 0 0 0 0 16 146 164 111 117 119 108 111 90 59 41 41 50 69 62 75 123 149 157 161 162 170 204 175 117 90 72 69 68 55 59 68 96 125 173 175 160 154 144 136 141 144 173 210 123 78 58 35 19 0 0 0 0 0 0 0 0 0 0 0 0 0 0 0 0 0 0 0 0 0 0 0 0 0 39 75 82 92 100 129 147 128 89 0 0 0 0 0 0 0 0 0 0 0 0 0 0 0 0 200
0 0 0 0 0 0 0 0 0 0 0 0 0 0 0 0 0 0 0 0 0 0 0 0 27 49 78 93 101 95 92 89 77 65 27 0 0 0 0 0 0 0 0 0 0 0 0 0 0 0 8 105 163 118 116 125 111 105 111 109 68 47 52 61 68 95 129 145 166 167 167 177 210 217 143 107 81 72 72 66 70 73 94 121 174 179 161 147 146 136 137 145 168 192 135 82 64 37 22 0 0 0 0 0 0 0 0 0 0 0 0 0 0 0 0 0 0 0 0 0 0 0 0 0 62 82 84 81 99 129 136 126 72 0 0 0 0 0 0 0 0 0 0 0 0 0 0 0 0 200
0 0 0 0 0 0 0 0 0 0 0 0 0 0 0 0 0 0 0 0 0 0 0 0 0 29 39 75 103 95 94 87 95 85 29 0 4 0 0 0 0 0 0 0 0 0 0 0 0 0 16 84 160 123 102 114 118 110 99 108 105 65 47 64 72 95 132 146 167 168 174 179 199 240 193 114 96 81 77 77 77 74 83 111 157 174 159 150 143 134 137 146 164 185 128 84 65 41 16 0 0 0 0 0 0 0 0 0 0 0 0 0 0 0 0 0 0 0 0 0 0 0 0 0 77 102 92 88 100 107 119 102 24 0 0 0 0 0 0 0 0 0 0 0 0 0 0 0 0 200
0 0 0 0 0 0 0 0 0 0 0 0 0 0 0 0 0 0 0 0 0 0 0 0 0 12 35 52 94 109 95 77 92 101 64 8 0 4 0 0 0 0 0 0 0 0 0 0 12 4 16 83 148 125 105 107 111 106 100 100 115 101 55 62 70 99 142 159 169 170 172 171 174 195 225 151 108 96 78 81 82 83 79 107 168 186 158 156 146 139 138 147 167 186 107 82 61 42 16 0 0 0 0 0 0 0 0 0 0 0 0 0 0 0 0 0 0 0 0 0 0 0 0 22 96 114 97 106 107 114 103 47 0 0 0 0 0 0 0 0 0 0 0 0 0 0 0 0 0 200
0 0 0 0 0 0 0 0 0 0 0 0 0 0 0 0 0 0 0 0 0 0 0 0 0 0 19 29 70 111 114 95 73 95 100 35 12 4 0 0 0 0 0 0 0 0 0 0 0 22 24 83 146 117 107 110 111 103 106 105 113 129 82 58 70 115 148 167 176 173 162 159 159 158 197 183 121 100 87 87 87 92 83 88 154 200 186 163 157 151 149 160 190 188 95 77 55 44 24 19 0 0 0 0 0 0 0 0 0 0 0 0 0 0 0 0 0 0 0 0 0 0 0 55 122 116 106 116 124 155 85 0 0 0 0 0 0 0 0 0 0 0 0 0 0 0 0 0 0 200
0 0 0 0 0 0 0 0 0 0 0 0 0 0 0 0 0 0 0 0 0 0 0 0 0 0 0 16 31 85 131 133 101 94 118 73 0 16 16 0 0 0 0 0 0 0 0 0 0 0 27 94 128 111 122 122 131 115 113 114 118 146 95 62 74 115 147 170 186 179 171 150 139 147 172 173 137 116 90 85 92 89 89 88 149 195 189 172 161 160 153 172 242 158 72 68 55 46 31 29 0 0 0 0 0 0 0 0 0 0 0 0 0 0 0 0 0 0 0 0 0 0 0 84 127 108 110 115 164 143 0 0 0 0 0 0 0 0 0 0 0 0 0 0 0 0 0 0 0 200
0 0 0 0 0 0 0 0 0 0 0 0 0 0 0 0 0 0 0 0 0 0 0 0 0 0 0 0 19 35 111 153 132 115 115 113 55 4 12 16 0 0 0 0 0 0 0 0 4 12 39 88 108 114 126 134 136 143 138 139 137 129 84 65 65 106 133 157 193 169 158 147 141 150 186 186 142 113 88 92 94 92 87 84 151 206 182 183 168 159 163 225 231 88 62 64 61 49 37 19 16 0 0 0 0 0 0 0 0 0 0 0 0 0 0 0 0 0 0 0 0 0 39 118 132 101 102 157 174 59 0 0 0 0 0 0 0 0 0 0 0 0 0 0 0 0 0 0 0 200
0 0 0 0 0 0 0 0 0 0 0 0 0 0 0 0 0 0 0 0 0 0 0 0 0 0 0 0 19 0 31 115 160 133 115 109 106 49 0 24 0 0 0 0 0 0 4 0 0 12 35 77 103 115 124 158 174 155 128 118 103 84 73 66 66 93 128 142 181 186 170 156 146 164 191 228 142 94 90 93 94 94 89 81 139 222 197 198 187 170 198 255 178 69 77 64 55 46 46 29 24 0 0 0 0 0 0 0 0 0 0 0 0 0 0 0 0 0 0 4 4 8 101 136 122 103 138 177 97 0 0 0 0 0 0 0 0 0 0 0 0 0 0 0 0 0 0 0 0 200
0 0 0 0 0 0 0 0 0 0 0 0 0 0 0 0 0 0 0 0 0 0 0 0 0 0 0 0 0 19 8 49 137 161 133 106 110 93 37 4 8 8 0 0 0 0 0 0 0 19 41 78 106 123 153 167 148 122 108 113 99 77 72 69 77 81 118 150 173 220 176 158 169 169 219 222 95 92 99 95 99 100 97 88 118 219 222 203 195 183 223 250 144 73 74 65 58 50 49 39 0 0 0 0 0 0 0 0 0 0 0 0 0 0 0 0 0 0 0 0 0 69 131 116 116 126 184 150 8 0 0 0 0 0 0 0 0 0 0 0 0 0 0 0 0 0 0 0 0 200
0 0 0 0 0 0 0 0 0 0 0 0 0 0 0 0 0 0 0 0 0 0 0 0 0 0 0 0 0 0 8 16 69 144 159 131 109 111 72 41 0 8 4 0 0 4 0 4 24 31 31 61 97 125 148 133 133 143 150 154 149 99 73 77 77 74 88 153 183 201 199 170 183 175 248 172 81 101 97 94 105 97 96 96 106 209 245 211 197 205 242 237 129 81 83 70 70 70 59 54 35 0 0 0 0 0 0 0 0 0 0 0 0 0 0 0 0 0 0 0 52 119 116 100 114 147 178 92 0 0 0 0 0 0 0 0 0 0 0 0 0 0 0 0 0 0 0 0 0 200
0 0 0 0 0 0 0 0 0 0 0 0 0 0 0 0 0 0 0 0 0 0 0 0 0 0 0 0 0 0 12 0 0 77 153 147 111 116 105 75 37 19 16 12 16 12 22 19 22 39 29 46 64 79 99 131 150 146 155 153 171 143 82 77 79 79 74 115 185 183 200 189 181 199 250 147 90 103 101 103 107 99 97 102 100 202 255 223 206 222 251 227 122 81 77 70 72 70 68 61 50 41 8 0 0 0 0 0 0 0 0 0 0 0 0 0 0 0 0 68 106 102 94 103 117 170 137 27 0 0 0 0 0 0 0 0 0 0 0 0 0 0 0 0 0 0 0 0 0 200
0 0 0 0 0 0 0 0 0 0 0 0 0 0 0 0 0 0 0 0 0 0 0 0 0 0 0 0 0 0 0 0 16 4 93 157 129 105 106 110 93 39 0 16 27 8 27 33 24 29 24 46 56 72 111 143 137 143 151 150 173 191 111 89 82 84 85 89 176 207 189 177 170 210 255 150 94 109 106 106 103 97 99 106 95 189 255 228 218 228 248 212 109 87 83 77 73 69 70 64 54 55 47 0 0 0 0 0 0 0 0 0 0 0 0 0 0 0 73 102 101 88 99 106 145 168 75 0 0 0 0 0 0 0 0 0 0 0 0 0 0 0 0 0 0 0 0 0 0 200
0 0 0 0 0 0 0 0 0 0 0 0 0 0 0 0 0 0 0 0 0 0 0 0 0 0 0 0 0 0 0 0 8 4 24 119 155 109 99 99 103 84 50 22 12 19 16 29 33 24 29 42 50 73 110 125 133 142 145 141 142 177 164 93 85 88 89 90 148 221 201 181 171 220 255 146 96 108 105 106 106 101 101 103 96 177 255 232 218 232 251 201 100 87 87 81 74 74 73 68 56 49 47 39 0 0 0 0 0 0 0 0 0 0 0 0 31 87 103 84 79 82 90 101 160 128 0 0 0 0 0 0 0 0 0 0 0 0 0 0 0 0 0 0 0 0 0 0 0 200
0 0 0 0 0 0 0 0 0 0 0 0 0 0 0 0 0 0 0 0 0 0 0 0 0 0 0 0 0 0 0 0 4 12 0 41 129 141 100 89 89 87 92 74 61 58 29 24 35 33 37 46 54 69 115 136 143 136 134 128 119 146 171 113 96 90 92 93 129 226 212 184 186 230 255 141 100 110 105 109 109 101 100 102 101 176 255 240 217 236 255 192 94 90 90 85 78 77 74 74 66 56 47 42 22 0 0 0 0 0 0 0 0 0 0 77 107 103 75 72 87 85 82 107 157 68 0 0 0 0 0 0 0 0 0 0 0 0 0 0 0 0 0 0 0 0 0 0 0 200
0 0 0 0 0 0 0 0 0 0 0 0 0 0 0 0 0 0 0 0 0 0 0 0 0 0 0 0 0 0 0 0 0 0 12 0 66 147 99 84 85 78 77 85 85 89 85 47 37 39 39 41 49 65 113 135 134 127 132 119 118 137 148 123 107 93 93 97 114 218 229 192 200 238 255 148 102 109 108 108 108 101 103 103 101 171 255 246 221 236 255 189 99 94 92 89 87 81 81 81 73 66 56 39 37 39 0 0 0 0 0 0 0 0 77 119 90 73 70 78 88 84 92 123 141 12 0 0 0 0 0 0 0 0 0 0 0 0 0 0 0 0 0 0 0 0 0 0 0 200
0 0 0 0 0 0 0 0 0 0 0 0 0 0 0 0 0 0 0 0 0 0 0 0 0 0 0 0 0 0 0 0 0 0 4 8 0 103 123 79 75 83 83 73 81 89 94 81 37 47 35 41 42 68 103 125 136 131 127 118 118 141 153 118 107 94 89 95 96 195 240 201 210 236 255 164 101 109 107 108 110 103 108 106 101 171 255 249 223 237 255 189 103 97 95 92 90 87 84 81 72 66 62 59 61 55 61 0 0 0 0 0 0 29 117 107 73 93 84 87 89 93 103 125 115 0 0 0 0 0 0 0 0 0 0 0 0 0 0 0 0 0 0 0 0 0 0 0 0 200
0 0 0 0 0 0 0 0 0 0 0 0 0 0 0 0 0 0 0 0 0 0 0 0 0 0 0 0 0 0 0 0 0 0 4 0 0 44 127 94 82 79 84 85 78 79 103 109 50 54 49 50 54 64 100 118 129 136 125 131 128 147 178 115 96 95 100 95 95 175 244 220 219 237 255 187 106 113 110 111 113 103 103 105 103 175 255 246 224 247 255 188 99 101 102 95 88 87 82 81 79 77 79 79 83 73 66 44 0 0 0 0 29 33 101 116 93 106 121 114 96 106 113 133 94 0 0 0 0 0 0 0 0 0 0 0 0 0 0 0 0 0 0 0 0 0 0 0 0 200
0 0 0 0 0 0 0 0 0 0 0 0 0 0 0 0 0 0 0 0 0 0 0 0 0 0 0 0 0 0 0 0 0 0 0 0 4 0 93 106 88 90 97 88 103 119 122 94 54 59 62 49 58 64 78 109 125 149 138 126 138 164 181 92 90 90 96 96 92 145 245 243 217 238 255 206 109 109 108 107 115 108 106 105 108 171 254 243 227 255 255 193 103 96 99 97 93 92 82 84 89 89 88 84 84 79 66 75 0 0 0 33 42 46 75 116 134 149 153 142 132 125 111 122 81 0 0 0 0 0 0 0 0 0 0 0 0 0 0 0 0 0 0 0 0 0 0 0 0 200
0 0 0 0 0 0 0 0 0 0 0 0 0 0 0 0 0 0 0 0 0 0 0 0 0 0 0 0 0 0 0 0 0 0 0 0 8 16 52 99 95 102 107 113 144 132 102 61 47 64 70 66 56 66 68 83 122 148 161 160 151 192 168 73 101 96 100 96 92 124 230 245 213 235 255 222 117 110 113 110 115 108 107 113 110 164 250 249 236 250 253 199 105 102 100 100 101 94 90 95 97 94 90 93 85 82 81 77 58 39 59 70 75 59 52 70 87 129 177 208 183 155 124 103 70 0 0 0 0 0 0 0 0 0 0 0 0 0 0 0 0 0 0 0 0 0 0 0 0 200
0 0 0 0 0 0 0 0 0 0 0 0 0 0 0 0 0 0 0 0 0 0 0 0 0 0 0 0 0 0 0 0 0 0 0 0 0 0 27 78 90 102 111 153 139 113 106 107 93 74 68 66 62 66 73 69 99 149 157 164 155 202 174 77 97 92 93 96 96 114 204 245 228 228 255 235 134 110 113 111 116 113 114 118 110 157 248 254 232 242 255 198 105 105 103 99 97 99 96 97 96 93 92 94 92 88 87 75 68 77 85 106 102 89 77 96 117 123 117 144 223 203 139 108 69 0 0 0 0 0 0 0 0 0 0 0 0 0 0 0 0 0 0 0 0 0 0 0 0 200
0 0 0 0 0 0 0 0 0 0 0 0 0 0 0 0 0 0 0 0 0 0 0 0 0 0 0 0 0 0 0 0 0 0 0 0 0 0 22 73 89 95 141 153 119 126 126 143 142 92 79 64 70 68 69 78 69 131 179 151 151 218 190 85 97 99 100 102 101 106 186 250 236 219 249 242 147 106 111 116 118 111 117 121 113 153 245 252 223 237 255 199 111 102 105 102 101 108 103 99 96 96 102 94 88 93 85 75 73 79 78 107 103 107 122 161 177 175 163 102 125 191 145 110 54 0 0 0 0 0 0 0 0 0 0 0 0 0 0 0 0 0 0 0 0 0 0 0 0 200
0 0 0 0 0 0 0 0 0 0 0 0 0 0 0 0 0 0 0 0 0 0 0 0 0 0 0 0 0 0 0 0 0 0 0 0 0 0 22 58 93 110 148 124 118 117 118 142 177 154 99 77 73 70 77 78 75 105 177 161 151 207 213 103 90 96 101 102 101 99 166 247 236 220 246 252 162 106 109 111 115 113 123 123 115 148 242 251 224 236 255 202 110 106 109 110 110 107 103 103 105 105 102 95 92 93 92 84 75 81 79 84 92 119 154 193 197 191 184 170 114 113 115 73 12 0 0 0 0 0 0 0 0 0 0 0 0 0 0 0 0 0 0 0 0 0 0 0 0 200
0 0 0 0 0 0 0 0 0 0 0 0 0 0 0 0 0 0 0 0 0 0 0 0 0 0 0 0 0 0 0 0 0 0 0 0 0 0 16 24 73 87 93 93 108 119 118 141 153 177 147 90 77 75 81 78 77 81 158 190 161 190 223 126 84 97 100 102 103 101 139 242 250 220 239 253 173 108 110 107 111 110 117 122 118 145 240 255 222 229 255 207 113 110 110 108 107 107 106 106 108 109 102 100 97 92 89 89 85 83 77 77 89 137 167 185 191 194 186 170 168 126 61 22 0 0 0 0 0 0 0 0 0 0 0 0 0 0 0 0 0 0 0 0 0 0 0 0 0 200
0 0 0 0 0 0 0 0 0 0 0 0 0 0 0 0 0 0 0 0 0 0 0 0 0 0 0 0 0 0 0 0 0 0 0 0 0 0 0 29 42 42 55 100 116 118 118 126 134 134 150 103 83 77 82 79 82 78 116 202 185 191 224 151 81 96 103 103 103 103 114 222 255 223 229 250 189 108 109 111 113 111 110 118 121 145 237 254 225 227 255 211 116 115 111 107 106 108 108 103 101 105 107 101 96 94 93 90 92 79 66 90 117 146 151 162 181 182 173 162 157 154 101 24 0 0 0 0 0 0 0 0 0 0 0 0 0 0 0 0 0 0 0 0 0 0 0 0 0 200
0 0 0 0 0 0 0 0 0 0 0 0 0 0 0 0 0 0 0 0 0 0 0 0 0 0 0 0 0 0 0 0 0 0 0 0 0 0 0 22 31 49 50 103 134 113 118 114 115 114 124 105 83 79 85 82 87 85 89 173 210 198 224 189 94 94 103 101 100 106 105 194 255 231 228 251 212 122 111 110 106 114 115 117 116 142 235 255 229 237 255 215 118 109 114 114 109 105 105 108 107 105 106 100 97 100 97 92 85 82 74 84 122 150 148 154 167 162 160 155 134 133 96 35 0 0 0 0 0 0 0 0 0 0 0 0 0 0 0 0 0 0 0 0 0 0 0 0 0 200
0 0 0 0 0 0 0 0 0 0 0 0 0 0 0 0 0 0 0 0 0 0 0 0 0 0 0 0 0 0 0 0 0 0 0 0 0 0 0 4 8 41 55 94 129 117 123 127 121 119 142 109 78 79 90 84 88 84 87 134 222 205 213 217 124 102 102 97 96 105 102 172 255 240 232 255 235 139 108 116 107 115 118 117 114 136 231 255 229 241 255 225 126 109 114 111 108 107 111 114 108 102 106 107 103 103 101 94 89 89 78 82 129 157 156 157 155 139 146 147 144 139 92 8 0 0 0 0 0 0 0 0 0 0 0 0 0 0 0 0 0 0 0 0 0 0 0 0 0 200
0 0 0 0 0 0 0 0 0 0 0 0 0 0 0 0 0 0 0 0 0 0 0 0 0 0 0 0 0 0 0 0 0 0 0 0 0 0 0 0 0 31 52 85 118 122 125 119 115 137 168 97 77 81 88 90 90 89 94 111 201 216 206 226 153 103 103 99 97 101 96 150 247 247 230 254 241 160 103 117 107 115 119 117 118 132 222 255 238 236 255 230 135 108 114 111 109 110 111 107 105 106 103 106 106 105 102 99 97 89 77 88 154 177 176 153 138 143 154 150 146 134 73 0 0 0 0 0 0 0 0 0 0 0 0 0 0 0 0 0 0 0 0 0 0 0 0 0 0 200
0 0 0 0 0 0 0 0 0 0 0 0 0 0 0 0 0 0 0 0 0 0 0 0 0 0 0 0 0 0 0 0 0 0 0 0 0 0 0 0 0 24 52 79 107 115 119 113 117 145 178 92 79 85 87 92 88 88 93 103 173 227 210 228 181 109 106 106 103 101 92 127 241 249 227 248 246 176 109 113 108 117 123 117 115 131 222 255 236 232 252 232 145 114 119 116 114 115 110 108 108 107 102 106 107 106 102 97 99 90 68 93 171 175 184 154 136 164 156 137 144 121 31 0 0 0 0 0 0 0 0 0 0 0 0 0 0 0 0 0 0 0 0 0 0 0 0 0 0 200
0 0 0 0 0 0 0 0 0 0 0 0 0 0 0 0 0 0 0 0 0 0 0 0 0 0 0 0 0 0 0 0 0 0 0 0 0 0 0 0 0 22 39 52 93 111 113 122 134 145 188 100 77 87 87 93 90 90 92 97 146 228 217 220 204 126 109 114 110 106 96 110 228 253 227 243 254 197 116 109 113 116 119 115 116 135 222 252 233 232 249 238 150 116 119 117 115 115 111 109 107 105 105 108 107 108 105 100 97 92 70 115 192 164 164 158 161 157 136 143 136 72 8 0 0 0 0 0 0 0 0 0 0 0 0 0 0 0 0 0 0 0 0 0 0 0 0 0 0 200
0 0 0 0 0 0 0 0 0 0 0 0 0 0 0 0 0 0 0 0 0 0 0 0 0 0 0 0 0 0 0 0 0 0 0 0 0 0 0 0 0 0 39 49 61 99 135 126 121 136 195 139 72 87 94 93 96 97 99 105 125 207 217 208 216 146 113 118 115 113 105 105 208 254 229 236 255 216 125 108 118 116 119 122 115 134 220 250 232 231 246 243 158 113 115 115 117 118 115 113 108 106 107 109 108 109 106 100 99 95 81 148 194 160 167 164 172 143 143 160 109 4 0 0 0 0 0 0 0 0 0 0 0 0 0 0 0 0 0 0 0 0 0 0 0 0 0 0 0 200
0 0 0 0 0 0 0 0 0 0 0 0 0 0 0 0 0 0 0 0 0 0 0 0 0 0 0 0 0 0 0 0 0 0 0 0 0 0 0 0 0 0 16 50 54 58 111 148 133 132 192 174 73 88 100 93 100 99 106 108 105 177 215 206 225 164 116 122 118 115 109 102 191 252 231 230 255 228 135 107 117 119 123 118 118 142 221 244 232 229 241 245 167 118 118 117 117 116 113 115 113 109 108 109 108 110 107 100 103 94 83 179 191 163 168 164 160 143 168 149 35 4 0 0 0 0 0 0 0 0 0 0 0 0 0 0 0 0 0 0 0 0 0 0 0 0 0 0 0 200
0 0 0 0 0 0 0 0 0 0 0 0 0 0 0 0 0 0 0 0 0 0 0 0 0 0 0 0 0 0 0 0 0 0 0 0 0 0 0 0 0 0 4 39 56 50 62 134 164 143 184 209 108 84 92 100 99 103 102 108 106 149 215 189 208 191 118 122 126 122 115 107 179 249 240 221 252 244 153 107 116 125 125 119 119 148 229 248 227 224 242 250 174 119 121 125 119 117 116 115 113 110 110 110 107 109 108 101 106 84 110 212 194 172 161 156 159 162 182 79 0 8 0 0 0 0 0 0 0 0 0 0 0 0 0 0 0 0 0 0 0 0 0 0 0 0 0 0 0 200
0 0 0 0 0 0 0 0 0 0 0 0 0 0 0 0 0 0 0 0 0 0 0 0 0 0 0 0 0 0 0 0 0 0 0 0 0 0 0 0 0 0 0 24 47 49 56 88 175 164 167 223 156 85 93 99 101 102 106 109 107 125 203 197 199 205 133 123 127 127 127 109 159 244 240 210 230 255 176 109 125 122 122 127 121 149 238 247 213 216 241 255 186 124 126 126 124 121 118 119 117 114 111 113 110 111 109 102 101 87 160 226 182 163 157 163 162 205 146 0 27 0 0 0 0 0 0 0 0 0 0 0 0 0 0 0 0 0 0 0 0 0 0 0 0 0 0 0 0 200
0 0 0 0 0 0 0 0 0 0 0 0 0 0 0 0 0 0 0 0 0 0 0 0 0 0 0 0 0 0 0 0 0 0 0 0 0 0 0 0 0 0 0 4 42 54 62 62 136 186 160 210 191 100 87 100 100 106 109 110 111 109 186 212 189 210 156 116 126 127 131 121 147 237 245 217 219 255 195 114 122 124 132 128 118 156 246 244 220 213 231 252 203 128 127 126 127 125 122 122 118 115 113 109 108 115 114 106 96 96 203 210 168 163 157 159 190 202 75 16 4 0 0 0 0 0 0 0 0 0 0 0 0 0 0 0 0 0 0 0 0 0 0 0 0 0 0 0 0 200
0 0 0 0 0 0 0 0 0 0 0 0 0 0 0 0 0 0 0 0 0 0 0 0 0 0 0 0 0 0 0 0 0 0 0 0 0 0 0 0 0 0 0 0 35 49 59 64 88 181 175 184 211 137 87 97 102 106 106 109 115 108 161 227 198 205 188 121 123 135 134 128 142 228 246 218 211 251 226 129 122 127 127 132 126 179 255 237 216 212 227 251 222 146 132 128 125 123 124 122 117 114 114 113 111 116 114 105 89 129 221 184 162 166 156 167 218 134 35 27 0 0 0 0 0 0 0 0 0 0 0 0 0 0 0 0 0 0 0 0 0 0 0 0 0 0 0 0 0 200
0 0 0 0 0 0 0 0 0 0 0 0 0 0 0 0 0 0 0 0 0 0 0 0 0 0 0 0 0 0 0 0 0 0 0 0 0 0 0 0 0 0 0 0 24 44 56 62 68 138 194 171 207 177 111 92 101 103 105 113 117 113 136 227 213 200 212 148 123 136 133 132 141 223 240 199 195 227 251 167 121 129 134 131 131 195 255 224 208 205 215 246 242 158 133 133 125 127 127 123 117 115 116 117 110 109 108 107 96 176 219 164 169 162 167 203 186 61 35 19 0 0 0 0 0 0 0 0 0 0 0 0 0 0 0 0 0 0 0 0 0 0 0 0 0 0 0 0 0 200
0 0 0 0 0 0 0 0 0 0 0 0 0 0 0 0 0 0 0 0 0 0 0 0 0 0 0 0 0 0 0 0 0 0 0 0 0 0 0 0 0 0 0 0 8 47 49 62 72 89 192 197 186 199 142 95 96 105 113 114 117 115 125 215 229 195 213 179 126 131 134 135 133 222 239 193 191 206 252 199 131 129 132 127 129 209 253 220 200 203 206 233 252 179 132 133 128 127 127 123 119 117 117 118 111 109 113 103 110 206 194 155 166 167 181 209 125 41 41 16 0 0 0 0 0 0 0 0 0 0 0 0 0 0 0 0 0 0 0 0 0 0 0 0 0 0 0 0 0 200
0 0 0 0 0 0 0 0 0 0 0 0 0 0 0 0 0 0 0 0 0 0 0 0 0 0 0 0 0 0 0 0 0 0 0 0 0 0 0 0 0 0 0 0 4 44 49 68 72 73 160 207 188 201 181 121 100 110 113 114 121 121 117 185 244 207 206 211 151 126 138 135 137 220 238 197 188 189 237 228 157 124 131 131 137 225 248 213 194 194 207 219 247 210 141 134 136 128 126 126 123 119 117 111 119 116 113 101 154 216 168 161 169 175 208 178 64 46 31 12 0 0 0 0 0 0 0 0 0 0 0 0 0 0 0 0 0 0 0 0 0 0 0 0 0 0 0 0 0 200
0 0 0 0 0 0 0 0 0 0 0 0 0 0 0 0 0 0 0 0 0 0 0 0 0 0 0 0 0 0 0 0 0 0 0 0 0 0 0 0 0 0 0 0 8 41 46 64 73 73 118 199 191 190 195 157 106 106 113 116 119 124 119 158 241 219 199 224 192 136 135 133 150 229 240 195 184 191 203 253 191 143 134 129 150 244 235 210 189 192 204 209 232 229 153 129 138 129 124 126 126 123 118 116 116 117 109 116 205 207 163 173 171 194 205 121 41 50 24 0 0 0 0 0 0 0 0 0 0 0 0 0 0 0 0 0 0 0 0 0 0 0 0 0 0 0 0 0 0 200
0 0 0 0 0 0 0 0 0 0 0 0 0 0 0 0 0 0 0 0 0 0 0 0 0 0 0 0 0 0 0 0 0 0 0 0 0 0 0 0 0 0 0 0 19 33 49 65 68 77 97 176 192 189 194 191 128 100 113 118 118 125 123 148 231 224 186 203 217 169 138 137 160 229 249 207 189 190 189 238 241 174 139 129 173 255 226 211 192 201 199 209 218 235 182 133 133 142 127 125 127 125 123 124 115 111 97 163 232 181 168 173 185 220 164 66 52 31 8 0 0 0 0 0 0 0 0 0 0 0 0 0 0 0 0 0 0 0 0 0 0 0 0 0 0 0 0 0 0 200
0 0 0 0 0 0 0 0 0 0 0 0 0 0 0 0 0 0 0 0 0 0 0 0 0 0 0 0 0 0 0 0 0 0 0 0 0 0 0 0 0 0 0 0 19 29 46 59 69 79 83 139 200 187 190 200 170 114 110 118 124 127 128 141 223 222 184 193 213 206 157 147 175 225 242 215 198 189 195 215 250 215 147 132 201 255 233 212 203 204 199 208 210 227 228 168 137 137 128 129 128 126 125 122 116 105 132 218 209 170 169 176 204 203 110 52 42 37 0 0 0 0 0 0 0 0 0 0 0 0 0 0 0 0 0 0 0 0 0 0 0 0 0 0 0 0 0 0 0 200
0 0 0 0 0 0 0 0 0 0 0 0 0 0 0 0 0 0 0 0 0 0 0 0 0 0 0 0 0 0 0 0 0 0 0 0 0 0 0 0 0 0 0 0 0 22 44 54 66 73 78 107 182 198 192 190 189 141 108 118 121 128 125 136 215 221 192 194 202 212 185 149 190 221 231 211 202 197 204 203 229 232 161 141 227 250 223 210 206 203 195 200 213 219 238 204 154 134 128 128 131 124 124 125 114 116 194 215 174 171 171 182 212 149 65 52 41 29 0 0 0 0 0 0 0 0 0 0 0 0 0 0 0 0 0 0 0 0 0 0 0 0 0 0 0 0 0 0 0 200
0 0 0 0 0 0 0 0 0 0 0 0 0 0 0 0 0 0 0 0 0 0 0 0 0 0 0 0 0 0 0 0 0 0 0 0 0 0 0 0 0 0 0 0 0 16 42 54 68 73 79 94 158 203 192 184 188 177 126 121 127 126 128 150 217 216 190 186 191 201 204 174 191 213 226 219 212 205 201 207 226 242 174 157 245 240 210 205 206 202 193 197 210 218 230 215 174 135 127 136 131 123 125 118 114 172 216 177 172 182 174 197 194 102 64 54 35 0 0 0 0 0 0 0 0 0 0 0 0 0 0 0 0 0 0 0 0 0 0 0 0 0 0 0 0 0 0 0 0 200
0 0 0 0 0 0 0 0 0 0 0 0 0 0 0 0 0 0 0 0 0 0 0 0 0 0 0 0 0 0 0 0 0 0 0 0 0 0 0 0 0 0 0 0 0 8 37 52 66 75 82 87 127 193 192 185 186 192 169 122 128 129 126 156 210 205 188 189 189 197 208 202 190 207 224 213 204 207 203 213 233 242 172 175 248 229 209 199 205 199 197 201 208 211 222 216 197 146 126 134 127 122 123 123 167 209 178 167 176 178 185 212 156 65 56 44 24 0 0 0 0 0 0 0 0 0 0 0 0 0 0 0 0 0 0 0 0 0 0 0 0 0 0 0 0 0 0 0 0 200
0 0 0 0 0 0 0 0 0 0 0 0 0 0 0 0 0 0 0 0 0 0 0 0 0 0 0 0 0 0 0 0 0 0 0 0 0 0 0 0 0 0 0 0 0 8 33 49 59 72 83 88 102 174 201 187 178 183 200 160 119 132 133 159 200 202 189 197 193 199 205 215 198 193 218 219 207 210 218 207 236 238 189 216 238 219 213 211 211 204 201 198 201 197 205 203 191 148 136 128 127 131 148 178 199 183 167 174 170 176 202 190 100 54 55 35 4 0 0 0 0 0 0 0 0 0 0 0 0 0 0 0 0 0 0 0 0 0 0 0 0 0 0 0 0 0 0 0 0 200
0 0 0 0 0 0 0 0 0 0 0 0 0 0 0 0 0 0 0 0 0 0 0 0 0 0 0 0 0 0 0 0 0 0 0 0 0 0 0 0 0 0 0 0 0 12 31 49 56 68 78 87 87 142 203 191 179 182 194 198 150 124 138 166 188 190 185 193 197 197 208 225 203 195 224 218 213 222 221 219 233 250 213 235 231 225 209 215 204 200 197 187 191 190 201 197 173 139 138 138 148 161 181 195 192 170 172 168 177 177 202 150 68 54 50 24 0 0 0 0 0 0 0 0 0 0 0 0 0 0 0 0 0 0 0 0 0 0 0 0 0 0 0 0 0 0 0 0 0 200
0 0 0 0 0 0 0 0 0 0 0 0 0 0 0 0 0 0 0 0 0 0 0 0 0 0 0 0 0 0 0 0 0 0 0 0 0 0 0 0 0 0 0 0 0 4 27 42 55 68 82 89 94 111 190 190 181 179 185 200 201 146 136 162 175 183 187 191 199 202 218 221 208 207 225 224 224 225 233 245 242 250 224 241 222 219 219 227 212 206 198 185 184 201 210 202 159 137 138 172 177 174 179 185 177 164 166 169 182 179 189 117 59 55 33 0 0 0 0 0 0 0 0 0 0 0 0 0 0 0 0 0 0 0 0 0 0 0 0 0 0 0 0 0 0 0 0 0 0 200
0 0 0 0 0 0 0 0 0 0 0 0 0 0 0 0 0 0 0 0 0 0 0 0 0 0 0 0 0 0 0 0 0 0 0 0 0 0 0 0 0 0 0 0 0 0 8 37 54 64 85 90 95 97 167 193 181 175 179 186 194 198 162 156 169 176 179 194 202 207 219 217 205 207 229 230 230 231 242 251 254 241 240 248 226 229 231 231 228 218 212 201 188 218 224 198 192 162 159 200 190 185 183 179 170 164 160 166 170 179 167 88 54 46 31 0 0 0 0 0 0 0 0 0 0 0 0 0 0 0 0 0 0 0 0 0 0 0 0 0 0 0 0 0 0 0 0 0 0 200
0 0 0 0 0 0 0 0 0 0 0 0 0 0 0 0 0 0 0 0 0 0 0 0 0 0 0 0 0 0 0 0 0 0 0 0 0 0 0 0 0 0 0 0 0 0 0 35 52 56 78 90 96 101 148 199 179 173 176 184 179 189 188 178 162 166 175 187 202 210 216 213 216 220 227 228 229 231 228 230 240 221 243 244 236 242 236 239 235 213 211 219 221 218 216 215 208 204 202 195 187 195 195 189 171 156 159 168 164 174 142 68 61 41 12 0 0 0 0 0 0 0 0 0 0 0 0 0 0 0 0 0 0 0 0 0 0 0 0 0 0 0 0 0 0 0 0 0 0 200
0 0 0 0 0 0 0 0 0 0 0 0 0 0 0 0 0 0 0 0 0 0 0 0 0 0 0 0 0 0 0 0 0 0 0 0 0 0 0 0 0 0 0 0 0 0 0 27 47 55 77 89 96 103 129 195 183 176 172 175 186 184 179 200 192 176 171 183 195 203 205 209 225 233 230 235 235 235 235 233 233 220 230 239 244 237 233 232 219 207 216 231 240 212 210 211 207 235 230 195 201 192 186 184 169 169 175 162 157 164 116 61 50 39 0 0 0 0 0 0 0 0 0 0 0 0 0 0 0 0 0 0 0 0 0 0 0 0 0 0 0 0 0 0 0 0 0 0 0 200
0 0 0 0 0 0 0 0 0 0 0 0 0 0 0 0 0 0 0 0 0 0 0 0 0 0 0 0 0 0 0 0 0 0 0 0 0 0 0 0 0 0 0 0 0 0 0 16 41 55 77 84 99 103 114 176 181 171 177 172 179 178 191 206 223 211 199 207 205 201 200 211 220 223 225 237 233 239 242 235 222 217 215 213 215 222 240 241 223 216 216 230 255 232 209 216 221 240 246 209 217 208 184 164 167 171 167 159 156 143 90 56 37 0 0 0 0 0 0 0 0 0 0 0 0 0 0 0 0 0 0 0 0 0 0 0 0 0 0 0 0 0 0 0 0 0 0 0 0 200
0 0 0 0 0 0 0 0 0 0 0 0 0 0 0 0 0 0 0 0 0 0 0 0 0 0 0 0 0 0 0 0 0 0 0 0 0 0 0 0 0 0 0 0 0 0 0 0 33 58 74 85 100 105 116 167 183 172 173 173 182 187 192 205 221 235 220 215 222 213 210 218 216 207 208 224 225 227 232 244 243 236 220 191 213 249 245 237 227 224 224 233 253 240 216 216 227 237 252 220 218 223 200 169 164 168 158 160 167 131 73 49 41 0 0 0 0 0 0 0 0 0 0 0 0 0 0 0 0 0 0 0 0 0 0 0 0 0 0 0 0 0 0 0 0 0 0 0 0 200
0 0 0 0 0 0 0 0 0 0 0 0 0 0 0 0 0 0 0 0 0 0 0 0 0 0 0 0 0 0 0 0 0 0 0 0 0 0 0 0 0 0 0 0 0 0 0 0 22 55 68 87 95 103 115 159 188 171 171 173 181 192 193 206 216 231 233 216 221 215 207 212 216 204 198 208 221 227 235 240 242 238 237 217 229 246 226 231 236 231 231 236 239 239 226 213 218 228 253 232 197 224 228 204 188 185 168 160 163 109 59 41 8 0 0 0 0 0 0 0 0 0 0 0 0 0 0 0 0 0 0 0 0 0 0 0 0 0 0 0 0 0 0 0 0 0 0 0 0 200
0 0 0 0 0 0 0 0 0 0 0 0 0 0 0 0 0 0 0 0 0 0 0 0 0 0 0 0 0 0 0 0 0 0 0 0 0 0 0 0 0 0 0 0 0 0 0 0 8 39 61 84 99 106 115 151 181 177 170 174 181 193 206 218 223 235 239 217 208 215 211 217 225 224 205 200 217 226 228 242 244 243 243 231 223 238 232 224 227 237 232 238 240 237 231 212 210 221 236 232 161 144 175 203 204 204 198 190 147 73 58 50 0 0 0 0 0 0 0 0 0 0 0 0 0 0 0 0 0 0 0 0 0 0 0 0 0 0 0 0 0 0 0 0 0 0 0 0 0 200
0 0 0 0 0 0 0 0 0 0 0 0 0 0 0 0 0 0 0 0 0 0 0 0 0 0 0 0 0 0 0 0 0 0 0 0 0 0 0 0 0 0 0 0 0 0 0 0 12 35 59 83 101 102 111 143 175 182 171 172 179 197 216 226 226 236 237 228 220 230 227 230 237 238 215 199 208 219 220 235 237 236 237 235 223 233 240 224 225 228 222 230 236 235 222 203 202 208 220 227 198 154 125 144 154 162 162 133 85 59 52 22 0 0 0 0 0 0 0 0 0 0 0 0 0 0 0 0 0 0 0 0 0 0 0 0 0 0 0 0 0 0 0 0 0 0 0 0 0 200
0 0 0 0 0 0 0 0 0 0 0 0 0 0 0 0 0 0 0 0 0 0 0 0 0 0 0 0 0 0 0 0 0 0 0 0 0 0 0 0 0 0 0 0 0 0 0 0 4 24 54 74 89 107 108 126 174 192 182 172 187 208 218 224 227 237 226 227 222 223 216 224 230 238 228 206 204 225 224 232 230 230 229 228 224 229 245 232 222 219 224 233 235 227 215 203 188 195 194 190 191 190 143 106 108 108 90 78 68 61 39 0 0 0 0 0 0 0 0 0 0 0 0 0 0 0 0 0 0 0 0 0 0 0 0 0 0 0 0 0 0 0 0 0 0 0 0 0 0 200
0 0 0 0 0 0 0 0 0 0 0 0 0 0 0 0 0 0 0 0 0 0 0 0 0 0 0 0 0 0 0 0 0 0 0 0 0 0 0 0 0 0 0 0 0 0 0 0 0 4 50 75 88 101 110 122 153 188 192 174 189 212 221 228 225 224 211 213 211 208 207 223 229 244 241 208 205 238 224 229 230 227 222 220 222 225 249 254 249 232 232 237 231 215 190 193 183 173 168 158 188 205 148 101 103 100 87 77 64 49 0 0 0 0 0 0 0 0 0 0 0 0 0 0 0 0 0 0 0 0 0 0 0 0 0 0 0 0 0 0 0 0 0 0 0 0 0 0 0 200
0 0 0 0 0 0 0 0 0 0 0 0 0 0 0 0 0 0 0 0 0 0 0 0 0 0 0 0 0 0 0 0 0 0 0 0 0 0 0 0 0 0 0 0 0 0 0 0 0 12 49 70 84 96 107 117 127 151 186 186 197 204 210 223 208 195 209 210 204 201 218 227 223 236 242 217 224 239 218 222 232 232 219 211 211 195 200 205 200 217 223 232 228 190 176 179 177 169 157 157 181 191 151 94 94 90 78 65 44 42 0 0 0 0 0 0 0 0 0 0 0 0 0 0 0 0 0 0 0 0 0 0 0 0 0 0 0 0 0 0 0 0 0 0 0 0 0 0 0 200
0 0 0 0 0 0 0 0 0 0 0 0 0 0 0 0 0 0 0 0 0 0 0 0 0 0 0 0 0 0 0 0 0 0 0 0 0 0 0 0 0 0 0 0 0 0 0 0 0 22 46 62 83 95 102 111 124 133 148 166 187 194 193 199 204 202 203 205 201 204 221 227 212 224 243 224 233 225 229 223 222 233 226 204 206 190 166 160 173 200 206 211 217 193 178 172 171 163 158 163 170 173 127 89 89 84 70 58 41 0 0 0 0 0 0 0 0 0 0 0 0 0 0 0 0 0 0 0 0 0 0 0 0 0 0 0 0 0 0 0 0 0 0 0 0 0 0 0 0 200
0 0 0 0 0 0 0 0 0 0 0 0 0 0 0 0 0 0 0 0 0 0 0 0 0 0 0 0 0 0 0 0 0 0 0 0 0 0 0 0 0 0 0 0 0 0 0 0 0 12 41 59 82 92 96 109 128 137 138 139 154 182 199 199 204 207 217 213 209 216 225 219 212 224 243 216 223 222 232 223 222 223 225 208 206 195 166 175 205 221 229 223 206 204 194 175 162 154 153 156 150 128 96 90 85 83 69 49 24 0 0 0 0 0 0 0 0 0 0 0 0 0 0 0 0 0 0 0 0 0 0 0 0 0 0 0 0 0 0 0 0 0 0 0 0 0 0 0 0 200
0 0 0 0 0 0 0 0 0 0 0 0 0 0 0 0 0 0 0 0 0 0 0 0 0 0 0 0 0 0 0 0 0 0 0 0 0 0 0 0 0 0 0 0 0 0 0 0 0 0 42 58 73 88 94 107 125 129 134 137 149 163 199 218 219 215 205 204 211 222 227 222 222 219 225 221 225 222 223 223 225 220 222 213 203 197 170 194 208 216 231 232 222 206 190 181 160 143 148 143 107 92 88 88 78 70 56 46 0 0 0 0 0 0 0 0 0 0 0 0 0 0 0 0 0 0 0 0 0 0 0 0 0 0 0 0 0 0 0 0 0 0 0 0 0 0 0 0 0 200
0 0 0 0 0 0 0 0 0 0 0 0 0 0 0 0 0 0 0 0 0 0 0 0 0 0 0 0 0 0 0 0 0 0 0 0 0 0 0 0 0 0 0 0 0 0 0 0 0 0 39 47 61 85 95 102 116 129 137 134 154 177 193 216 226 240 231 211 207 213 220 228 222 223 223 223 228 219 219 226 220 224 223 220 209 203 172 199 210 216 215 217 226 226 179 170 161 145 133 106 93 87 84 84 77 68 44 19 0 0 0 0 0 0 0 0 0 0 0 0 0 0 0 0 0 0 0 0 0 0 0 0 0 0 0 0 0 0 0 0 0 0 0 0 0 0 0 0 0 200
0 0 0 0 0 0 0 0 0 0 0 0 0 0 0 0 0 0 0 0 0 0 0 0 0 0 0 0 0 0 0 0 0 0 0 0 0 0 0 0 0 0 0 0 0 0 0 0 0 0 42 44 62 77 88 106 122 124 132 136 170 184 193 202 209 224 247 245 215 217 223 222 217 224 222 223 220 217 219 222 220 224 222 210 211 206 173 212 220 217 203 201 204 222 207 173 139 118 101 94 92 79 81 81 75 54 27 0 0 0 0 0 0 0 0 0 0 0 0 0 0 0 0 0 0 0 0 0 0 0 0 0 0 0 0 0 0 0 0 0 0 0 0 0 0 0 0 0 0 200
0 0 0 0 0 0 0 0 0 0 0 0 0 0 0 0 0 0 0 0 0 0 0 0 0 0 0 0 0 0 0 0 0 0 0 0 0 0 0 0 0 0 0 0 0 0 0 0 0 0 35 49 56 74 85 96 111 126 133 148 175 181 186 202 205 206 225 249 238 221 222 219 225 230 221 217 210 212 223 224 221 223 220 210 210 206 175 218 216 206 206 192 189 184 195 168 107 103 97 88 84 74 74 74 62 42 0 0 0 0 0 0 0 0 0 0 0 0 0 0 0 0 0 0 0 0 0 0 0 0 0 0 0 0 0 0 0 0 0 0 0 0 0 0 0 0 0 0 0 200
0 0 0 0 0 0 0 0 0 0 0 0 0 0 0 0 0 0 0 0 0 0 0 0 0 0 0 0 0 0 0 0 0 0 0 0 0 0 0 0 0 0 0 0 0 0 0 0 0 0 24 47 47 66 78 92 108 119 125 149 174 175 187 197 205 210 216 233 246 232 228 215 223 226 211 213 217 218 223 226 223 222 218 213 212 198 184 231 216 200 190 188 181 163 157 146 105 99 93 81 74 69 75 64 52 0 0 0 0 0 0 0 0 0 0 0 0 0 0 0 0 0 0 0 0 0 0 0 0 0 0 0 0 0 0 0 0 0 0 0 0 0 0 0 0 0 0 0 0 200
0 0 0 0 0 0 0 0 0 0 0 0 0 0 0 0 0 0 0 0 0 0 0 0 0 0 0 0 0 0 0 0 0 0 0 0 0 0 0 0 0 0 0 0 0 0 0 0 0 0 19 33 44 58 68 85 106 115 122 145 173 174 189 209 218 216 220 228 244 249 243 223 215 213 206 217 220 218 222 226 221 217 210 206 215 200 205 236 218 192 185 174 170 156 153 143 102 95 88 77 69 68 72 59 4 0 0 0 0 0 0 0 0 0 0 0 0 0 0 0 0 0 0 0 0 0 0 0 0 0 0 0 0 0 0 0 0 0 0 0 0 0 0 0 0 0 0 0 0 200
0 0 0 0 0 0 0 0 0 0 0 0 0 0 0 0 0 0 0 0 0 0 0 0 0 0 0 0 0 0 0 0 0 0 0 0 0 0 0 0 0 0 0 0 0 0 0 0 0 0 19 16 42 52 59 73 90 106 119 138 176 181 188 205 222 226 224 224 228 244 246 239 221 210 200 216 227 230 232 236 227 218 216 211 213 199 225 223 202 192 181 176 162 163 167 139 92 92 82 75 72 66 58 41 0 0 0 0 0 0 0 0 0 0 0 0 0 0 0 0 0 0 0 0 0 0 0 0 0 0 0 0 0 0 0 0 0 0 0 0 0 0 0 0 0 0 0 0 0 200
0 0 0 0 0 0 0 0 0 0 0 0 0 0 0 0 0 0 0 0 0 0 0 0 0 0 0 0 0 0 0 0 0 0 0 0 0 0 0 0 0 0 0 0 0 0 0 0 0 0 0 29 37 49 55 68 85 103 122 128 186 203 194 213 225 233 236 223 225 228 238 242 229 211 201 219 235 241 236 238 238 223 220 223 209 209 230 216 199 193 185 179 170 177 160 105 85 87 79 72 62 65 52 0 0 0 0 0 0 0 0 0 0 0 0 0 0 0 0 0 0 0 0 0 0 0 0 0 0 0 0 0 0 0 0 0 0 0 0 0 0 0 0 0 0 0 0 0 0 200
0 0 0 0 0 0 0 0 0 0 0 0 0 0 0 0 0 0 0 0 0 0 0 0 0 0 0 0 0 0 0 0 0 0 0 0 0 0 0 0 0 0 0 0 0 0 0 0 0 0 0 16 41 49 59 75 92 107 116 133 169 203 206 213 222 230 236 233 230 229 228 229 212 192 200 223 236 238 235 231 228 229 236 225 211 222 225 207 191 189 189 186 184 178 111 85 93 85 73 66 56 58 29 0 0 0 0 0 0 0 0 0 0 0 0 0 0 0 0 0 0 0 0 0 0 0 0 0 0 0 0 0 0 0 0 0 0 0 0 0 0 0 0 0 0 0 0 0 0 200
0 0 0 0 0 0 0 0 0 0 0 0 0 0 0 0 0 0 0 0 0 0 0 0 0 0 0 0 0 0 0 0 0 0 0 0 0 0 0 0 0 0 0 0 0 0 0 0 0 0 0 0 41 46 64 83 94 102 109 139 157 183 218 218 220 226 230 224 220 226 237 213 188 200 215 213 226 235 236 238 229 238 245 231 227 233 211 193 176 175 176 176 176 145 89 93 85 78 65 58 58 54 0 0 0 0 0 0 0 0 0 0 0 0 0 0 0 0 0 0 0 0 0 0 0 0 0 0 0 0 0 0 0 0 0 0 0 0 0 0 0 0 0 0 0 0 0 0 0 200
0 0 0 0 0 0 0 0 0 0 0 0 0 0 0 0 0 0 0 0 0 0 0 0 0 0 0 0 0 0 0 0 0 0 0 0 0 0 0 0 0 0 0 0 0 0 0 0 0 0 0 0 33 39 59 78 87 95 102 135 158 169 204 220 219 223 228 226 210 225 230 193 206 239 244 237 228 225 223 219 211 223 238 239 240 227 198 181 171 168 166 164 160 121 89 88 81 66 55 52 55 29 0 0 0 0 0 0 0 0 0 0 0 0 0 0 0 0 0 0 0 0 0 0 0 0 0 0 0 0 0 0 0 0 0 0 0 0 0 0 0 0 0 0 0 0 0 0 0 200
0 0 0 0 0 0 0 0 0 0 0 0 0 0 0 0 0 0 0 0 0 0 0 0 0 0 0 0 0 0 0 0 0 0 0 0 0 0 0 0 0 0 0 0 0 0 0 0 0 0 0 0 44 52 65 81 92 97 111 145 162 163 183 222 218 220 224 216 218 227 198 198 223 229 237 247 251 251 239 220 213 220 237 244 235 207 195 176 167 170 171 166 156 116 89 79 77 56 58 50 46 0 0 0 0 0 0 0 0 0 0 0 0 0 0 0 0 0 0 0 0 0 0 0 0 0 0 0 0 0 0 0 0 0 0 0 0 0 0 0 0 0 0 0 0 0 0 0 0 200
0 0 0 0 0 0 0 0 0 0 0 0 0 0 0 0 0 0 0 0 0 0 0 0 0 0 0 0 0 0 0 0 0 0 0 0 0 0 0 0 0 0 0 0 0 0 0 0 0 0 0 0 44 49 66 82 90 102 108 142 164 163 172 209 221 224 226 207 224 204 188 209 224 217 212 218 231 235 242 237 227 229 233 231 210 191 188 177 170 174 182 175 143 100 89 78 72 59 56 59 24 0 0 0 0 0 0 0 0 0 0 0 0 0 0 0 0 0 0 0 0 0 0 0 0 0 0 0 0 0 0 0 0 0 0 0 0 0 0 0 0 0 0 0 0 0 0 0 0 200
0 0 0 0 0 0 0 0 0 0 0 0 0 0 0 0 0 0 0 0 0 0 0 0 0 0 0 0 0 0 0 0 0 0 0 0 0 0 0 0 0 0 0 0 0 0 0 0 0 0 0 12 37 44 62 77 85 93 106 121 162 168 168 191 216 216 216 204 216 186 199 207 206 207 198 215 223 215 230 222 209 222 230 218 203 192 183 177 181 170 174 150 108 99 87 73 65 62 59 58 0 0 0 0 0 0 0 0 0 0 0 0 0 0 0 0 0 0 0 0 0 0 0 0 0 0 0 0 0 0 0 0 0 0 0 0 0 0 0 0 0 0 0 0 0 0 0 0 0 200
0 0 0 0 0 0 0 0 0 0 0 0 0 0 0 0 0 0 0 0 0 0 0 0 0 0 0 0 0 0 0 0 0 0 0 0 0 0 0 0 0 0 0 0 0 0 0 0 0 0 0 24 46 55 66 75 88 89 105 114 123 149 160 174 192 190 183 192 177 172 192 199 200 210 210 216 223 223 228 212 200 212 224 211 205 195 188 183 176 182 159 117 103 97 81 75 68 58 59 27 0 0 0 0 0 0 0 0 0 0 0 0 0 0 0 0 0 0 0 0 0 0 0 0 0 0 0 0 0 0 0 0 0 0 0 0 0 0 0 0 0 0 0 0 0 0 0 0 0 200
0 0 0 0 0 0 0 0 0 0 0 0 0 0 0 0 0 0 0 0 0 0 0 0 0 0 0 0 0 0 0 0 0 0 0 0 0 0 0 0 0 0 0 0 0 0 0 0 0 0 0 24 46 58 75 87 96 105 141 153 122 118 134 136 138 159 175 173 155 183 195 199 200 204 209 215 220 224 225 205 199 206 209 204 200 194 189 185 186 162 121 110 118 119 90 70 65 56 56 0 0 0 0 0 0 0 0 0 0 0 0 0 0 0 0 0 0 0 0 0 0 0 0 0 0 0 0 0 0 0 0 0 0 0 0 0 0 0 0 0 0 0 0 0 0 0 0 0 0 200
0 0 0 0 0 0 0 0 0 0 0 0 0 0 0 0 0 0 0 0 0 0 0 0 0 0 0 0 0 0 0 0 0 0 0 0 0 0 0 0 0 0 0 0 0 0 0 0 0 0 0 31 56 64 81 92 97 128 156 158 149 129 131 133 134 139 145 151 156 189 195 198 197 204 206 211 213 213 215 204 198 195 195 197 197 199 195 181 159 125 125 145 143 142 122 77 59 58 37 0 0 0 0 0 0 0 0 0 0 0 0 0 0 0 0 0 0 0 0 0 0 0 0 0 0 0 0 0 0 0 0 0 0 0 0 0 0 0 0 0 0 0 0 0 0 0 0 0 0 200
0 0 0 0 0 0 0 0 0 0 0 0 0 0 0 0 0 0 0 0 0 0 0 0 0 0 0 0 0 0 0 0 0 0 0 0 0 0 0 0 0 0 0 0 0 0 0 0 0 0 0 37 52 59 81 90 106 142 159 167 159 136 139 143 144 139 142 150 154 179 193 204 207 209 210 206 207 210 207 203 193 188 193 192 187 179 166 159 148 159 174 167 153 138 125 92 68 62 0 0 0 0 0 0 0 0 0 0 0 0 0 0 0 0 0 0 0 0 0 0 0 0 0 0 0 0 0 0 0 0 0 0 0 0 0 0 0 0 0 0 0 0 0 0 0 0 0 0 0 200
0 0 0 0 0 0 0 0 0 0 0 0 0 0 0 0 0 0 0 0 0 0 0 0 0 0 0 0 0 0 0 0 0 0 0 0 0 0 0 0 0 0 0 0 0 0 0 0 0 0 0 22 58 64 83 93 113 151 161 166 148 133 142 151 151 147 151 156 167 178 193 197 204 207 207 207 207 211 204 195 201 194 192 191 185 177 174 185 202 200 183 157 143 135 118 100 73 52 0 0 0 0 0 0 0 0 0 0 0 0 0 0 0 0 0 0 0 0 0 0 0 0 0 0 0 0 0 0 0 0 0 0 0 0 0 0 0 0 0 0 0 0 0 0 0 0 0 0 0 200
0 0 0 0 0 0 0 0 0 0 0 0 0 0 0 0 0 0 0 0 0 0 0 0 0 0 0 0 0 0 0 0 0 0 0 0 0 0 0 0 0 0 0 0 0 0 0 0 0 0 0 0 65 66 83 99 116 153 173 182 160 129 133 146 149 147 155 162 181 189 206 215 216 218 218 217 217 219 215 217 223 219 216 215 215 212 221 219 209 192 171 153 139 132 126 110 75 0 0 0 0 0 0 0 0 0 0 0 0 0 0 0 0 0 0 0 0 0 0 0 0 0 0 0 0 0 0 0 0 0 0 0 0 0 0 0 0 0 0 0 0 0 0 0 0 0 0 0 0 200
0 0 0 0 0 0 0 0 0 0 0 0 0 0 0 0 0 0 0 0 0 0 0 0 0 0 0 0 0 0 0 0 0 0 0 0 0 0 0 0 0 0 0 0 0 0 0 0 0 0 0 0 69 72 84 99 127 175 194 195 197 175 160 169 170 162 159 166 183 197 224 236 231 230 233 233 237 238 232 233 235 231 232 228 225 215 207 193 185 178 169 154 138 131 124 110 69 0 0 0 0 0 0 0 0 0 0 0 0 0 0 0 0 0 0 0 0 0 0 0 0 0 0 0 0 0 0 0 0 0 0 0 0 0 0 0 0 0 0 0 0 0 0 0 0 0 0 0 0 200
0 0 0 0 0 0 0 0 0 0 0 0 0 0 0 0 0 0 0 0 0 0 0 0 0 0 0 0 0 0 0 0 0 0 0 0 0 0 0 0 0 0 0 0 0 0 0 0 0 0 0 0 69 77 87 97 149 187 179 176 190 200 197 194 193 188 179 179 185 199 220 218 212 215 218 217 219 222 217 213 216 210 206 198 198 188 173 169 173 167 158 148 139 132 121 97 44 0 0 0 0 0 0 0 0 0 0 0 0 0 0 0 0 0 0 0 0 0 0 0 0 0 0 0 0 0 0 0 0 0 0 0 0 0 0 0 0 0 0 0 0 0 0 0 0 0 0 0 0 200
0 0 0 0 0 0 0 0 0 0 0 0 0 0 0 0 0 0 0 0 0 0 0 0 0 0 0 0 0 0 0 0 0 0 0 0 0 0 0 0 0 0 0 0 0 0 0 0 0 0 0 0 65 78 89 102 164 179 167 172 173 181 187 187 185 188 187 189 184 192 215 212 213 212 209 208 209 207 206 208 202 202 203 186 186 178 171 175 172 156 139 137 134 132 122 88 0 0 0 0 0 0 0 0 0 0 0 0 0 0 0 0 0 0 0 0 0 0 0 0 0 0 0 0 0 0 0 0 0 0 0 0 0 0 0 0 0 0 0 0 0 0 0 0 0 0 0 0 0 200
0 0 0 0 0 0 0 0 0 0 0 0 0 0 0 0 0 0 0 0 0 0 0 0 0 0 0 0 0 0 0 0 0 0 0 0 0 0 0 0 0 0 0 0 0 0 0 0 0 0 0 0 68 83 92 114 166 173 169 170 175 176 181 189 186 187 187 192 185 191 212 210 207 207 203 206 209 206 204 205 199 198 191 189 179 166 168 167 159 145 134 137 134 128 106 74 0 0 0 0 0 0 0 0 0 0 0 0 0 0 0 0 0 0 0 0 0 0 0 0 0 0 0 0 0 0 0 0 0 0 0 0 0 0 0 0 0 0 0 0 0 0 0 0 0 0 0 0 0 200
0 0 0 0 0 0 0 0 0 0 0 0 0 0 0 0 0 0 0 0 0 0 0 0 0 0 0 0 0 0 0 0 0 0 0 0 0 0 0 0 0 0 0 0 0 0 0 0 0 0 0 0 70 90 94 121 164 163 162 169 176 177 182 190 188 188 185 192 188 194 212 206 199 202 203 200 199 199 199 204 202 197 193 187 179 168 168 161 154 148 143 133 136 119 79 46 0 0 0 0 0 0 0 0 0 0 0 0 0 0 0 0 0 0 0 0 0 0 0 0 0 0 0 0 0 0 0 0 0 0 0 0 0 0 0 0 0 0 0 0 0 0 0 0 0 0 0 0 0 200
0 0 0 0 0 0 0 0 0 0 0 0 0 0 0 0 0 0 0 0 0 0 0 0 0 0 0 0 0 0 0 0 0 0 0 0 0 0 0 0 0 0 0 0 0 0 0 0 0 0 0 0 70 89 92 124 164 155 151 161 175 181 182 188 190 188 186 183 179 190 209 204 202 205 206 202 204 208 203 199 194 189 190 185 179 172 168 158 155 146 136 125 131 106 75 0 0 0 0 0 0 0 0 0 0 0 0 0 0 0 0 0 0 0 0 0 0 0 0 0 0 0 0 0 0 0 0 0 0 0 0 0 0 0 0 0 0 0 0 0 0 0 0 0 0 0 0 0 0 200
0 0 0 0 0 0 0 0 0 0 0 0 0 0 0 0 0 0 0 0 0 0 0 0 0 0 0 0 0 0 0 0 0 0 0 0 0 0 0 0 0 0 0 0 0 0 0 0 0 0 0 0 79 90 90 118 163 153 147 157 172 176 179 184 185 182 181 169 169 184 199 202 205 206 208 205 206 208 201 199 197 189 187 183 174 172 169 166 157 143 133 134 133 92 66 0 0 0 0 0 0 0 0 0 0 0 0 0 0 0 0 0 0 0 0 0 0 0 0 0 0 0 0 0 0 0 0 0 0 0 0 0 0 0 0 0 0 0 0 0 0 0 0 0 0 0 0 0 0 200
0 0 0 0 0 0 0 0 0 0 0 0 0 0 0 0 0 0 0 0 0 0 0 0 0 0 0 0 0 0 0 0 0 0 0 0 0 0 0 0 0 0 0 0 0 0 0 0 0 0 0 0 83 89 92 118 168 155 150 164 179 181 184 185 184 179 177 164 167 182 192 199 206 208 212 210 205 208 205 199 197 191 189 185 168 161 156 158 157 148 141 137 115 83 49 0 0 0 0 0 0 0 0 0 0 0 0 0 0 0 0 0 0 0 0 0 0 0 0 0 0 0 0 0 0 0 0 0 0 0 0 0 0 0 0 0 0 0 0 0 0 0 0 0 0 0 0 0 0 200
10
11 11
74 135
100 107
49 131
32 90
48 72
64 64
86 57
116 111
45 58
